--
domain: tetrahedron
order: 9
--
0.028649249284109723 0.006891366839295159 0.7203807203359198 0.2440786635406753 | 0.0007162016044045418
0.024169939568873033 0.1555789083027259 0.7830238380676567 0.03722731406074435 | 0.0009077771144629987
0.03461939946660619 0.8847735952623145 0.03746715582104113 0.04313984945003826 | 0.0009168420416400242
0.012542466103274363 0.04038577127605769 0.2233476678136009 0.723724094807067 | 0.0009750266138313078
0.01111917666997142 0.515285061557277 0.4405214048473231 0.03307435692542832 | 0.0011001900925731798
0.04324575722503776 0.03474022441842899 0.8739842844692827 0.04802973388725062 | 0.0011235667369375677
0.006451911226469154 0.2737549691522871 0.5866194063678511 0.1331737132533926 | 0.001171941882444346
0.7445722864134563 0.03138783669262657 0.02302476689782933 0.2010151099960878 | 0.0011744621157262513
0.04078275605402837 0.04195473200768755 0.04206648540987851 0.8751960265284056 | 0.0011822813558184364
0.04411116572866158 0.2133537804622216 0.01492382397847686 0.72761122983064 | 0.001184296682706247
0.20020299852059387 0.05137368203860852 0.737898449375068 0.01052487006572961 | 0.0011900066193666035
0.47547205028484163 0.01167918776735336 0.03967712051591504 0.47317164143189 | 0.0011999643701743605
0.24377863951134637 0.6123408021820864 0.1432143403978234 0.0006662179087437572 | 0.001313356829704151
0.8689419994744352 0.04585901947602267 0.04589832979249515 0.03930065125704704 | 0.0013368684225426673
0.6628096593336772 0.1030115138063945 0.2313142488715318 0.002864577988396536 | 0.0013663833806215103
0.7094855723870963 0.00837326895113094 0.218303550548395 0.0638376081133778 | 0.0013827059604750302
0.17858765784426522 0.7518893444883036 0.03020971497018418 0.03931328269724702 | 0.0015244284474830849
0.7083661953630629 0.2307731120717099 0.03171156153538288 0.02914913102984441 | 0.001527532399215677
0.11194229159978342 0.005807381258551988 0.4350661767994387 0.4471841503422259 | 0.0016299004290249847
0.004136110590135411 0.3807370349415273 0.1946216802654709 0.4205051742028665 | 0.0016375601841337004
0.07009294573746905 0.2760774398234713 0.6335347557774519 0.02029485866160777 | 0.0017185809772670582
0.01972126900494353 0.06107660031735783 0.4443452478104636 0.474856882867235 | 0.00193749218890168
0.21306583074243857 0.04011137824044635 0.03313166695541811 0.713691124061697 | 0.0019604227565410766
0.11152991058962858 0.02545934399020729 0.1809521324516702 0.6820586129684939 | 0.0020954845204123134
0.1742700233240555 0.6044262999606023 0.01758681325508173 0.2037168634602605 | 0.0021625430372239733
0.03404822893107995 0.7098027195586388 0.04483105915111014 0.211317992359171 | 0.0021645885229682614
0.04528384772571259 0.7304989942620459 0.1871472921145495 0.03706986589769196 | 0.00218097825718004
0.42541550869228595 0.5007701133228333 0.02448223828136365 0.04933213970351709 | 0.002205183817607957
0.4457118686463897 0.03332720320375657 0.4837323966974713 0.0372285314523825 | 0.0022123193411248848
0.4898498586599017 0.3567521368987188 0.1328834330395908 0.02051457140178872 | 0.0022143750651612668
0.6247618080740249 0.1838549978176258 0.02094427630108402 0.1704389178072653 | 0.0022795392347588314
0.3485822038918508 0.2268373199643008 0.4167820833252522 0.007798392818596213 | 0.0023777410142237997
0.027204332494956907 0.1923717952701477 0.1242856487305183 0.6561382235043771 | 0.002482591391785385
0.2300953221063582 0.3619508813743887 0.01552011599218286 0.3924336805270703 | 0.00251979649860075
0.20189659429100493 0.01965056042084037 0.6443583098389682 0.1340945354491865 | 0.0025639554658188667
0.041494139195916935 0.458244669513536 0.0366754648901354 0.4635857264004116 | 0.0026195628789069518
0.4033085940959673 0.01538959981066759 0.3394322940952808 0.2418695119980843 | 0.00274589846301462
0.4357885375052556 0.1242356229882021 0.02743271521385679 0.4125431242926855 | 0.00331480176776181
0.03244717556381338 0.5655163520825289 0.2158455335267193 0.1861909388269384 | 0.0035590499516530514
0.04884167433931941 0.1031571468282741 0.6454494634370023 0.2025517153954042 | 0.00373011850287772
0.5880484699622861 0.04580873781449243 0.1306656875755306 0.2354771046476909 | 0.0038349148702950617
0.03933009444413993 0.2222475737162643 0.3744969790769868 0.3639253527626089 | 0.004215437802807641
0.14419777989079807 0.4587456757955503 0.360156713211527 0.03689983110212465 | 0.0042320852343912235
0.05935503383799734 0.3633566801123643 0.4147619222990371 0.1625263637506013 | 0.004275313663630222
0.1840579466705563 0.1839853909173693 0.05281258992885371 0.5791440724832208 | 0.0043800821139580864
0.30446576218201404 0.03912033521689179 0.1799045015970503 0.4765094010040439 | 0.00439593140299428
0.6057738525339253 0.1524683171735235 0.1476870681014711 0.09407076219108002 | 0.00468786977428942
0.18242439019785084 0.1668749728706788 0.5729563685802239 0.07774426835124648 | 0.005307550768351452
0.11352499128194404 0.1417161598745218 0.2271598693150327 0.5175989795285014 | 0.005439951471336866
0.3964123670442983 0.3516091771883741 0.05503739382968048 0.1969410619376471 | 0.0055201790703796666
0.3518479584604699 0.3364345271215077 0.2289840090706933 0.0827335053473291 | 0.005870060438901905
0.41875277704494795 0.10961245832859 0.3537003584345384 0.1179344061919236 | 0.005879894123846905
0.18793169741782667 0.5571603219749478 0.1325043854190557 0.1224035951881698 | 0.005952755449705822
0.19120574523294454 0.08342378852063631 0.4222286016719213 0.3031418645744979 | 0.006370180985658904
0.19559156622241636 0.2709662131081065 0.3336191905680228 0.1998230301014543 | 0.006979224618881529
0.13083187720436462 0.3787443941211687 0.143482922419707 0.3469408062547597 | 0.007535230513202575
0.34371349503612536 0.1819772234774806 0.1650628409073057 0.3092464405790883 | 0.008183687426958101
