--
domain: tetrahedron
order: 12
--
0.00533607701964911 0.005336077019643312 0.00533607701965122 0.9839917689410563 | 3.336665703934045e-05
0.0045795557428767175 0.02289609338296681 0.9546184848667337 0.01790586600742269 | 8.429047994003496e-05
0.9546184848667326 0.004579555742875841 0.0228960933829682 0.0179058660074233 | 8.42904799400373e-05
0.022896093382967497 0.9546184848667292 0.004579555742878448 0.0179058660074248 | 8.429047994005044e-05
0.11764534481603994 0.003634038039874281 0.8589044391845247 0.01981617795956102 | 0.0002149093453616615
0.8589044391845282 0.1176453448160352 0.003634038039875694 0.01981617795956089 | 0.000214909345361668
0.0036340380398780514 0.858904439184522 0.1176453448160376 0.01981617795956242 | 0.00021490934536169885
0.43127482811151296 0.03542041822023295 0.5224715513554079 0.01083320231284623 | 0.0003477168822065943
0.035420418220240335 0.5224715513554018 0.4312748281115071 0.01083320231285078 | 0.0003477168822067472
0.5224715513554019 0.43127482811151 0.03542041822023723 0.01083320231285082 | 0.00034771688220676085
0.1693992755329492 0.7939888499122254 0.003557095377268929 0.03305477917755645 | 0.00034938896941761667
0.7939888499122236 0.003557095377268694 0.1693992755329503 0.0330547791775573 | 0.0003493889694176177
0.003557095377268893 0.1693992755329477 0.7939888499122263 0.0330547791775572 | 0.00034938896941761986
0.29064176223692606 0.03490045658756769 0.002190912398338879 0.6722668687771673 | 0.00036951072812999795
0.002190912398340461 0.2906417622369189 0.03490045658756785 0.6722668687771728 | 0.00036951072813002267
0.0349004565875658 0.002190912398345305 0.2906417622369231 0.6722668687771658 | 0.00036951072813010886
0.07282912711688405 0.2341448840740503 0.692501417588051 0.0005245712210146334 | 0.00043580724293473854
0.6925014175880515 0.07282912711688336 0.2341448840740487 0.000524571221016469 | 0.0004358072429347666
0.23414488407404954 0.6925014175880473 0.07282912711688572 0.0005245712210174548 | 0.00043580724293479047
0.6550796310298468 0.3050609665772057 0.01338905088310755 0.02647035150983993 | 0.0004693930811221192
0.013389050883107823 0.6550796310298418 0.3050609665772103 0.02647035150984013 | 0.00046939308112213947
0.3050609665772146 0.01338905088311035 0.6550796310298342 0.02647035150984075 | 0.000469393081122183
0.7442385076631635 0.004307832160712481 0.09910993965985174 0.1523437205162723 | 0.00047266648548842713
0.004307832160712066 0.09910993965985478 0.7442385076631619 0.1523437205162712 | 0.0004726664854884277
0.09910993965985304 0.7442385076631638 0.004307832160714106 0.1523437205162691 | 0.00047266648548845966
0.8519850489492471 0.05919699437842132 0.07116099648149783 0.01765696019083371 | 0.0005211217875707378
0.05919699437842152 0.07116099648149686 0.8519850489492479 0.01765696019083371 | 0.0005211217875707438
0.07116099648149976 0.851985048949244 0.05919699437842153 0.01765696019083469 | 0.0005211217875707549
0.00882761264703058 0.06123548744419532 0.2324179989563869 0.6975189009523872 | 0.0005256622670893608
0.23241799895639448 0.00882761264703291 0.06123548744418655 0.6975189009523861 | 0.0005256622670894092
0.06123548744418805 0.2324179989563872 0.008827612647035132 0.6975189009523897 | 0.0005256622670894917
0.024359910069934987 0.09851040146030474 0.02461521681961515 0.8525144716501452 | 0.0005271978638527369
0.09851040146031242 0.02461521681961598 0.02435991006993637 0.8525144716501353 | 0.0005271978638527777
0.024615216819616426 0.02435991006993612 0.09851040146031514 0.8525144716501323 | 0.0005271978638527842
0.010206073655067538 0.0299575541295916 0.4833426975320538 0.4764936746832871 | 0.0005369300725478063
0.48334269753205394 0.0102060736550687 0.02995755412959167 0.4764936746832857 | 0.0005369300725478469
0.02995755412959089 0.4833426975320467 0.01020607365507009 0.4764936746832923 | 0.000536930072547865
0.017851304649209476 0.6941399725295285 0.02362764131444302 0.2643810815068189 | 0.0005566045279494747
0.023627641314444614 0.0178513046492101 0.6941399725295325 0.2643810815068127 | 0.0005566045279495304
0.6941399725295312 0.02362764131444548 0.01785130464921 0.2643810815068133 | 0.000556604527949537
0.8430325460783448 0.03438582765934707 0.02349501300003503 0.0990866132622732 | 0.0006129569463521267
0.03438582765934706 0.02349501300003591 0.8430325460783443 0.09908661326227276 | 0.0006129569463521502
0.023495013000035425 0.8430325460783392 0.03438582765934772 0.09908661326227759 | 0.0006129569463521515
0.01752956218259727 0.3771063994176174 0.5748727589136075 0.0304912794861778 | 0.0007008690706483745
0.37710639941761115 0.5748727589136118 0.01752956218259882 0.03049127948617824 | 0.0007008690706484037
0.5748727589136058 0.01752956218260132 0.3771063994176133 0.03049127948617957 | 0.0007008690706485162
0.3324969599766402 0.3324969599766356 0.3324969599766495 0.002509120070074782 | 0.0008238259069470653
0.009172080070073418 0.1624334612403688 0.3425319979501514 0.4858624607394064 | 0.0008887153590631331
0.16243346124036684 0.3425319979501512 0.009172080070074445 0.4858624607394076 | 0.0008887153590632215
0.34253199795014366 0.009172080070074595 0.1624334612403718 0.48586246073941 | 0.0008887153590632422
0.6215211838824033 0.1021695690942893 0.0288780033877441 0.2474312436355633 | 0.0010498461857128857
0.10216956909429054 0.02887800338774448 0.6215211838824055 0.2474312436355594 | 0.0010498461857129228
0.028878003387744156 0.6215211838824011 0.1021695690942831 0.2474312436355717 | 0.0010498461857129625
0.020134335322812502 0.1183429008210087 0.5459504609989174 0.3155723028572613 | 0.0012296728163221301
0.5459504609989169 0.02013433532281294 0.1183429008210102 0.31557230285726 | 0.0012296728163221822
0.11834290082100729 0.5459504609989215 0.02013433532281465 0.3155723028572566 | 0.0012296728163222826
0.023329178913380932 0.4641610608049748 0.08568157353024372 0.4268281867514006 | 0.0012860526386169384
0.08568157353023764 0.0233291789133806 0.4641610608049873 0.4268281867513944 | 0.0012860526386169403
0.46416106080498276 0.08568157353024217 0.02332917891338057 0.4268281867513945 | 0.0012860526386169514
0.015383269689721812 0.4810426322698022 0.2337921730578832 0.2697819249825928 | 0.0013011726613118815
0.23379217305788025 0.01538326968972469 0.4810426322698028 0.2697819249825922 | 0.0013011726613120303
0.4810426322698039 0.2337921730578815 0.01538326968972496 0.2697819249825896 | 0.0013011726613120442
0.20295423798121892 0.08312515611213879 0.6898395103699005 0.02408109553674171 | 0.0013077514257282738
0.6898395103698978 0.20295423798122 0.08312515611213996 0.02408109553674232 | 0.0013077514257283426
0.08312515611214166 0.6898395103698945 0.2029542379812216 0.02408109553674225 | 0.0013077514257283478
0.11831715754265759 0.02742002486773186 0.1526139134707651 0.7016489041188455 | 0.001333432670675809
0.027420024867733872 0.1526139134707658 0.1183171575426507 0.7016489041188496 | 0.0013334326706758266
0.15261391347076625 0.1183171575426545 0.02742002486773273 0.7016489041188465 | 0.001333432670675831
0.16333095462719016 0.0256118593510928 0.6956093147224817 0.1154478712992354 | 0.0013859680589182145
0.6956093147224811 0.1633309546271897 0.02561185935109283 0.1154478712992363 | 0.0013859680589182338
0.02561185935109389 0.695609314722476 0.1633309546271908 0.1154478712992393 | 0.0013859680589183101
0.01828135217322102 0.2708902039289692 0.5606658837700146 0.1501625601277951 | 0.0014030871341772979
0.27089020392896623 0.5606658837700202 0.01828135217322237 0.1501625601277912 | 0.0014030871341773462
0.5606658837700186 0.01828135217322301 0.2708902039289658 0.1501625601277926 | 0.0014030871341773807
0.260055987362769 0.6014420504489564 0.07656778420928108 0.06193417797899343 | 0.0014306258422900732
0.07656778420927257 0.2600559873627669 0.6014420504489668 0.06193417797899366 | 0.0014306258422900986
0.6014420504489677 0.0765677842092839 0.2600559873627518 0.06193417797899652 | 0.0014306258422901264
0.7170766031009795 0.07462605132720868 0.128036327678861 0.0802610178929508 | 0.0014481262251185862
0.12803632767886808 0.7170766031009705 0.0746260513272115 0.08026101789294995 | 0.0014481262251186703
0.07462605132721256 0.1280363276788657 0.7170766031009719 0.08026101789294988 | 0.0014481262251187074
0.292248264310628 0.1859004086837668 0.01925270365058326 0.5025986233550219 | 0.0015201310181193032
0.019252703650583736 0.2922482643106227 0.185900408683766 0.5025986233550276 | 0.0015201310181193215
0.18590040868376012 0.01925270365058409 0.2922482643106334 0.5025986233550225 | 0.001520131018119335
0.11768433971455672 0.1176843397145563 0.1176843397145589 0.6469469808563281 | 0.0018509975122165715
0.5267595669941938 0.2114376345514575 0.2363780333382985 0.02542476511605016 | 0.0018566467954329133
0.2363780333382982 0.5267595669941891 0.211437634551462 0.02542476511605067 | 0.0018566467954329567
0.21143763455145703 0.2363780333382918 0.5267595669941991 0.02542476511605207 | 0.00185664679543301
0.12460329635035428 0.4463155182649424 0.4028816246284508 0.02619956075625247 | 0.0019099333823615115
0.44631551826494664 0.402881624628445 0.1246032963503558 0.02619956075625247 | 0.0019099333823615501
0.40288162462844845 0.1246032963503482 0.4463155182649512 0.02619956075625223 | 0.001909933382361565
0.2962227950879457 0.06201821930268873 0.08004502188860088 0.5617139637207647 | 0.001925296724080295
0.08004502188860652 0.2962227950879483 0.06201821930269108 0.5617139637207541 | 0.0019252967240803384
0.06201821930268736 0.08004502188860683 0.2962227950879417 0.5617139637207641 | 0.0019252967240803549
0.024931564040273524 0.2972901553171066 0.3803360632262429 0.297442217416377 | 0.0019506389267458684
0.2972901553171088 0.3803360632262462 0.02493156404027269 0.2974422174163724 | 0.0019506389267458799
0.38033606322624336 0.02493156404027382 0.2972901553171099 0.297442217416373 | 0.00195063892674594
0.12064788144254013 0.6021485466361711 0.0799434865871736 0.1972600853341152 | 0.001981330865268667
0.07994348658716655 0.120647881442539 0.6021485466361716 0.1972600853341229 | 0.001981330865268715
0.60214854663617 0.07994348658717083 0.1206478814425371 0.1972600853341221 | 0.0019813308652687485
0.3670098937374997 0.02875584715397042 0.4891098147268006 0.1151244443817293 | 0.00202612293640226
0.4891098147268008 0.3670098937375008 0.02875584715397076 0.1151244443817276 | 0.0020261229364022834
0.028755847153971503 0.4891098147267995 0.3670098937374994 0.1151244443817297 | 0.0020261229364023216
0.08955250910700774 0.134993927609458 0.4106933140901517 0.3647602491933826 | 0.0021899086547603466
0.41069331409015297 0.08955250910700893 0.1349939276094596 0.3647602491933785 | 0.002189908654760405
0.13499392760946538 0.4106933140901513 0.08955250910701389 0.3647602491933695 | 0.0021899086547604815
0.2599031540858343 0.3918753971997565 0.114767516763099 0.2334539319513102 | 0.0025877797901108766
0.11476751676309782 0.2599031540858343 0.3918753971997636 0.2334539319513043 | 0.0025877797901111468
0.39187539719975584 0.1147675167631061 0.2599031540858358 0.2334539319513023 | 0.0025877797901113883
0.4261279742556542 0.1301270947620232 0.3163617622563091 0.1273831687260135 | 0.0028180784812232604
0.13012709476202655 0.3163617622563013 0.426127974255657 0.1273831687260152 | 0.0028180784812233983
0.31636176225630197 0.4261279742556524 0.1301270947620246 0.127383168726021 | 0.0028180784812235748
0.09476261902901273 0.4045023685632761 0.2089114968404676 0.2918235155672437 | 0.0031305630728214965
0.4045023685632636 0.2089114968404671 0.09476261902901918 0.2918235155672501 | 0.0031305630728215637
0.2089114968404624 0.0947626190290201 0.4045023685632663 0.2918235155672511 | 0.0031305630728215767
0.2208417593133738 0.2274485368045121 0.1002497543721358 0.4514599495099783 | 0.003251426805132802
0.22744853680451604 0.1002497543721362 0.2208417593133712 0.4514599495099766 | 0.003251426805132915
0.10024975437213801 0.2208417593133764 0.2274485368045148 0.4514599495099708 | 0.0032514268051329347
0.13417998642809958 0.5075486051202548 0.2316476952172538 0.1266237132343918 | 0.003658706854740727
0.23164769521725004 0.1341799864280956 0.5075486051202593 0.126623713234395 | 0.0036587068547407633
0.5075486051202587 0.231647695217251 0.1341799864280973 0.1266237132343931 | 0.003658706854740793
0.30532958433606294 0.3053295843360563 0.305329584336061 0.08401124699181982 | 0.004252858800216373
0.2482123715562189 0.2482123715562289 0.2482123715562241 0.2553628853313281 | 0.0049174945629996405
