--
domain: tetrahedron
order: 13
--
0.010345107256600317 0.01034510725658796 0.01034510725652366 0.9689646782302881 | 4.134324458614672e-05
0.019568963774224013 0.9412811493523093 0.008913012362466612 0.03023687451099998 | 0.00010841532703717533
0.9412811493522701 0.008913012362483565 0.01956896377423934 0.03023687451100695 | 0.00010841532703736251
0.00891301236248676 0.01956896377427091 0.9412811493522358 0.03023687451100657 | 0.00010841532703751804
0.08145578260857789 0.008603145262962948 0.8844920682248393 0.02544900390361993 | 0.00021516249282564702
0.8844920682247935 0.08145578260860413 0.008603145262975986 0.02544900390362636 | 0.00021516249282587435
0.00860314526298922 0.8844920682247885 0.08145578260858234 0.02544900390363992 | 0.00021516249282610783
0.033613145330265604 0.07915594917543556 0.87881874683591 0.008412158658388869 | 0.00022347525797821485
0.8788187468359483 0.03361314533024481 0.07915594917539193 0.008412158658414975 | 0.0002234752579784065
0.07915594917538327 0.8788187468359566 0.03361314533023658 0.008412158658423473 | 0.00022347525797851097
0.6912849146604692 0.02072452926120901 0.2820938675417852 0.005896688536536578 | 0.00023853469157155934
0.28209386754171417 0.6912849146605238 0.02072452926121111 0.005896688536550856 | 0.00023853469157180234
0.020724529261207714 0.282093867541703 0.691284914660533 0.005896688536556295 | 0.00023853469157185316
0.02924256672275516 0.660612504418027 0.00423850950551799 0.3059064193536999 | 0.00033613166424808783
0.6606125044180047 0.004238509505525088 0.02924256672275331 0.305906419353717 | 0.0003361316642481367
0.004238509505534727 0.02924256672275465 0.660612504417956 0.3059064193537546 | 0.00033613166424835715
0.01115506574633851 0.8108726651448125 0.03145181004767937 0.1465204590611696 | 0.0003480651020245443
0.03145181004765074 0.01115506574634481 0.8108726651448392 0.1465204590611652 | 0.0003480651020245613
0.8108726651448429 0.03145181004765925 0.01115506574634996 0.1465204590611479 | 0.00034806510202475897
0.8180261621943385 0.01337142894352578 0.0611452791183259 0.1074571297438097 | 0.00035512259072977237
0.013371428943557362 0.06114527911829663 0.8180261621942968 0.1074571297438493 | 0.00035512259073010164
0.06114527911823009 0.8180261621944124 0.01337142894356406 0.1074571297437935 | 0.0003551225907301965
0.2688428517681659 0.007414460977235957 0.6955288748491347 0.02821381240546334 | 0.00035608395080367433
0.007414460977240522 0.6955288748491215 0.268842851768176 0.02821381240546195 | 0.0003560839508037468
0.695528874849117 0.2688428517681751 0.007414460977257575 0.02821381240545042 | 0.00035608395080396967
0.44641469996263705 0.02477429690597821 0.007482222177392445 0.5213287809539923 | 0.0003691445658330918
0.024774296905962556 0.007482222177401224 0.4464146999625711 0.5213287809540651 | 0.0003691445658331333
0.007482222177408238 0.4464146999626367 0.02477429690598193 0.5213287809539731 | 0.000369144565833457
0.022700850111781357 0.02112965969938043 0.09035183340349828 0.86581765678534 | 0.000371173748022265
0.021129659699392622 0.09035183340359541 0.02270085011179018 0.8658176567852218 | 0.0003711737480225677
0.09035183340362252 0.02270085011179335 0.0211296596993924 0.8658176567851917 | 0.00037117374802262765
0.07584422591768003 0.3417930742320212 0.002594165265187326 0.5797685345851115 | 0.00040213122869147067
0.34179307423203176 0.002594165265210041 0.07584422591768267 0.5797685345850755 | 0.000402131228691888
0.0025941652652180514 0.07584422591769545 0.3417930742320845 0.579768534585002 | 0.00040213122869227303
0.015830634350883943 0.4847746571587412 0.4810641377028125 0.01833057078756236 | 0.0004154352296915045
0.48477465715875434 0.4810641377027924 0.01583063435090152 0.01833057078755179 | 0.000415435229691703
0.4810641377027569 0.0158306343508983 0.4847746571587827 0.01833057078756206 | 0.0004154352296917142
0.12082870476914753 0.1676137196659997 0.7086431089234964 0.002914466641356441 | 0.000426698597924656
0.1676137196659354 0.7086431089235703 0.1208287047691087 0.002914466641385641 | 0.0004266985979252545
0.7086431089235263 0.1208287047691088 0.1676137196659543 0.002914466641410491 | 0.0004266985979257583
0.1682276257037404 0.05182981415363299 0.7671835222425682 0.01275903790005842 | 0.0004530237838723606
0.05182981415363408 0.767183522242537 0.1682276257037641 0.01275903790006475 | 0.0004530237838724362
0.7671835222425427 0.1682276257037143 0.05182981415365493 0.01275903790008807 | 0.0004530237838729462
0.018150246091703015 0.1603808640957398 0.780025722472745 0.04144316733981209 | 0.0005183573574952897
0.7800257224726915 0.01815024609171124 0.1603808640958211 0.04144316733977616 | 0.0005183573574953276
0.16038086409578178 0.7800257224727031 0.0181502460917103 0.04144316733980475 | 0.0005183573574954048
0.1374503947967347 0.001030437977338548 0.3006497694477112 0.5608693977782155 | 0.0005341727061933349
0.0010304379773615757 0.3006497694476872 0.1374503947967453 0.560869397778206 | 0.0005341727061939642
0.3006497694476461 0.1374503947967274 0.00103043797737723 0.5608693977782493 | 0.0005341727061944354
0.07763792076799603 0.009571364698298758 0.6068954673005267 0.3058952472331785 | 0.0006550908587339017
0.009571364698317542 0.6068954673005383 0.07763792076797839 0.3058952472331658 | 0.0006550908587343363
0.6068954673005635 0.07763792076798627 0.009571364698318083 0.3058952472331321 | 0.0006550908587344126
0.022163938027892405 0.2359081252750476 0.02712491103418074 0.7148030256628792 | 0.0006619235298199111
0.23590812527506577 0.02712491103418163 0.02216393802789915 0.7148030256628535 | 0.0006619235298200495
0.027124911034182908 0.02216393802790523 0.2359081252749586 0.7148030256629532 | 0.0006619235298204403
0.0790253890180963 0.5611854641624137 0.3497758718670665 0.01001327495242358 | 0.0006904621960691755
0.34977587186700765 0.07902538901810821 0.5611854641624555 0.01001327495242865 | 0.0006904621960692998
0.5611854641624485 0.3497758718669661 0.0790253890181477 0.01001327495243759 | 0.0006904621960698748
0.1561915341626271 0.01201591051800159 0.7035601418166272 0.1282324135027442 | 0.0007517374404992122
0.703560141816573 0.1561915341626666 0.01201591051801169 0.1282324135027487 | 0.0007517374404998534
0.01201591051801476 0.7035601418165589 0.1561915341626685 0.1282324135027578 | 0.0007517374404998906
0.6619834174744789 0.01227254816726416 0.1520983651999485 0.1736456691583085 | 0.0007731049469574419
0.012272548167282515 0.1520983651998947 0.6619834174744651 0.1736456691583576 | 0.0007731049469581392
0.15209836519989306 0.6619834174745407 0.01227254816727948 0.1736456691582867 | 0.0007731049469581534
0.27207744154271174 0.009608952348337692 0.5009662598450281 0.2173473462639225 | 0.0007934548044526308
0.009608952348347355 0.5009662598449669 0.2720774415427657 0.21734734626392 | 0.0007934548044530055
0.5009662598449435 0.2720774415427986 0.009608952348355002 0.2173473462639029 | 0.0007934548044531542
0.01515715824748054 0.117142028395487 0.1306252415276769 0.7370755718293556 | 0.0008002620463692416
0.13062524152767696 0.01515715824748938 0.1171420283955028 0.7370755718293308 | 0.000800262046369655
0.11714202839548105 0.1306252415276693 0.01515715824751321 0.7370755718293365 | 0.0008002620463703901
0.030670867576085503 0.06596911170718446 0.4869178929175357 0.4164421277991943 | 0.0008144758584702261
0.4869178929174428 0.03067086757606238 0.06596911170715442 0.4164421277993404 | 0.0008144758584703776
0.06596911170719277 0.4869178929174335 0.03067086757608414 0.4164421277992895 | 0.0008144758584716199
0.0863975719064306 0.06180743725428443 0.7796220928971531 0.07217289794213186 | 0.0009212791124099626
0.7796220928970998 0.08639757190638243 0.06180743725431112 0.07217289794220663 | 0.0009212791124102366
0.06180743725433979 0.7796220928970106 0.08639757190646453 0.07217289794218502 | 0.0009212791124106396
0.4064341617117124 0.2124417592665611 0.3704425559581763 0.01068152306355014 | 0.0009317064412002208
0.3704425559580835 0.4064341617117311 0.2124417592666155 0.01068152306356992 | 0.0009317064412010393
0.21244175926654563 0.3704425559580568 0.4064341617118274 0.01068152306357016 | 0.0009317064412011602
0.5845522419355895 0.01757754194097423 0.3170690280570044 0.0808011880664319 | 0.000938800900399439
0.01757754194097283 0.3170690280569446 0.5845522419356186 0.08080118806646398 | 0.0009388009003994993
0.31706902805700343 0.584552241935574 0.017577541940982 0.0808011880664406 | 0.0009388009003998087
0.15903422346595253 0.4819714524309398 0.01756230923632635 0.3414320148667813 | 0.0011277704236273554
0.017562309236336615 0.1590342234659364 0.4819714524309074 0.3414320148668196 | 0.0011277704236277617
0.4819714524309312 0.01756230923633349 0.1590342234659289 0.3414320148668064 | 0.0011277704236277934
0.547115266351174 0.08902566699068729 0.3386042162630997 0.02525485039503888 | 0.0011558578573166221
0.08902566699065706 0.3386042162631206 0.5471152663511726 0.02525485039504986 | 0.001155857857316737
0.33860421626311654 0.5471152663511358 0.08902566699071175 0.02525485039503578 | 0.0011558578573169188
0.08291452043293879 0.05285544098330982 0.4000979296301265 0.4641321089536249 | 0.001177874388273861
0.052855440983364366 0.4000979296298913 0.0829145204330444 0.4641321089536999 | 0.001177874388275692
0.400097929630008 0.08291452043303993 0.05285544098335554 0.4641321089535966 | 0.0011778743882767226
0.30908600949137466 0.01782606090077854 0.2874706358928882 0.3856172937149586 | 0.00126388507718553
0.01782606090077754 0.2874706358928806 0.3090860094913717 0.3856172937149701 | 0.0012638850771856667
0.2874706358928818 0.3090860094913699 0.01782606090078187 0.3856172937149664 | 0.001263885077185743
0.5054323769913622 0.3710934105995327 0.02657234084597485 0.09690187156313018 | 0.00130986012194251
0.3710934105995328 0.02657234084597537 0.5054323769913355 0.09690187156315631 | 0.0013098601219425701
0.026572340845978037 0.5054323769913123 0.371093410599567 0.09690187156314264 | 0.0013098601219427271
0.4451694792331493 0.02148831270206694 0.3206072988650484 0.2127349091997354 | 0.0013824952238897048
0.3206072988650036 0.4451694792332048 0.02148831270207087 0.2127349091997207 | 0.0013824952238897677
0.021488312702074408 0.3206072988650124 0.445169479233177 0.2127349091997361 | 0.0013824952238899353
0.0951170007288864 0.0951170007288927 0.0951170007290063 0.7146489978132146 | 0.0014385650798460579
0.4404329164120714 0.1735802358450919 0.02890436352483536 0.3570824842180014 | 0.0015235584390117577
0.02890436352486203 0.4404329164120814 0.1735802358450641 0.3570824842179925 | 0.0015235584390132365
0.17358023584508941 0.02890436352488776 0.4404329164119998 0.357082484218023 | 0.001523558439014583
0.23031700528567434 0.08023850116226482 0.6174866483249893 0.07195784522707145 | 0.001553388089457361
0.0802385011622958 0.6174866483249148 0.2303170052857254 0.0719578452270639 | 0.001553388089457734
0.6174866483249095 0.2303170052856326 0.08023850116232735 0.07195784522713053 | 0.0015533880894588244
0.6596374999552332 0.09452881219751588 0.1751776752009559 0.07065601264629488 | 0.0015785619534530034
0.09452881219754361 0.1751776752009207 0.6596374999553175 0.07065601264621812 | 0.0015785619534532253
0.17517767520097838 0.6596374999552117 0.09452881219755312 0.0706560126462567 | 0.0015785619534532372
0.6384747189831731 0.06541766890798655 0.0754347492130809 0.2206728628957595 | 0.0016097788682893919
0.07543474921306292 0.6384747189831496 0.0654176689080234 0.2206728628957641 | 0.001609778868289749
0.06541766890804968 0.07543474921303878 0.6384747189831916 0.22067286289572 | 0.0016097788682897544
0.20096060067442112 0.5321359768315169 0.2362423058619533 0.03066111663210869 | 0.0016802161392982585
0.5321359768314986 0.2362423058618978 0.2009606006744852 0.03066111663211837 | 0.00168021613929846
0.23624230586190487 0.200960600674406 0.5321359768315502 0.03066111663213887 | 0.0016802161392987117
0.06566065089490736 0.2434135622407882 0.1003198536332518 0.5906059332310526 | 0.0017764529129038432
0.24341356224076693 0.1003198536332653 0.06566065089495007 0.5906059332310177 | 0.00177645291290503
0.1003198536333203 0.06566065089490132 0.2434135622409514 0.590605933230827 | 0.0017764529129061567
0.2614198078675618 0.03545951407500253 0.1645691312152424 0.5385515468421933 | 0.0018087386127984568
0.16456913121521577 0.2614198078675792 0.03545951407500569 0.5385515468421994 | 0.0018087386127986667
0.03545951407501513 0.1645691312152262 0.2614198078675275 0.5385515468422312 | 0.0018087386127988634
0.5333277309204215 0.078850996951403 0.2214791068336956 0.1663421652944799 | 0.0019104583647188483
0.2214791068336608 0.5333277309204181 0.07885099695144153 0.1663421652944797 | 0.0019104583647194969
0.07885099695144504 0.2214791068336244 0.533327730920471 0.1663421652944595 | 0.00191045836472014
0.18278164175324463 0.0773186488433034 0.5438135338904002 0.1960861755130517 | 0.0021274466568828383
0.5438135338903473 0.1827816417531721 0.0773186488433082 0.1960861755131724 | 0.00212744665688324
0.07731864884333584 0.5438135338903273 0.1827816417532548 0.1960861755130822 | 0.002127446656884127
0.1668632870415807 0.1668632870416709 0.1668632870415595 0.4994101388751889 | 0.0023400227806175985
0.39875744314116635 0.1227490628669584 0.3909296074394038 0.08756388655247146 | 0.00256011618791495
0.3909296074393994 0.3987574431411315 0.1227490628669686 0.0875638865525005 | 0.0025601161879153333
0.12274906286697373 0.3909296074393537 0.3987574431411711 0.08756388655250151 | 0.0025601161879153585
0.10243087892291491 0.276668775818374 0.2188997970179869 0.4020005482407241 | 0.00257113625207729
0.2766687758184172 0.2188997970179731 0.1024308789229114 0.4020005482406983 | 0.0025711362520778134
0.21889979701801676 0.1024308789229648 0.2766687758182949 0.4020005482407235 | 0.0025711362520780268
0.30955501834310095 0.3095550183430513 0.3095550183430962 0.07133494497075156 | 0.002834280437245222
0.35894300107720434 0.3138415213429039 0.09663461813535858 0.2305808594445332 | 0.002961688555453913
0.09663461813536589 0.3589430010771437 0.3138415213429264 0.230580859444564 | 0.002961688555454135
0.31384152134290433 0.09663461813536428 0.3589430010771935 0.2305808594445379 | 0.002961688555454362
0.21083715440543238 0.4418055888803888 0.2069223626302676 0.1404348940839113 | 0.0031167609951133716
0.20692236263025576 0.210837154405392 0.4418055888803925 0.1404348940839597 | 0.003116760995113398
0.4418055888804041 0.206922362630213 0.2108371544054255 0.1404348940839574 | 0.0031167609951139037
0.40021279496232065 0.1108495022995848 0.1626179922026075 0.3263197105354871 | 0.003303366568208123
0.1626179922026164 0.4002127949623002 0.1108495022995989 0.3263197105354845 | 0.00330336656820916
0.11084950229960333 0.1626179922025704 0.4002127949623043 0.326319710535522 | 0.0033033665682094884
0.25055888693956174 0.2505588869395824 0.2505588869395491 0.2483233391813068 | 0.004303940769897278
