--
domain: tetrahedron
order: 12
--
0.005336077019643312 0.00533607701965122 0.9839917689410563 0.00533607701964911 | 0.0002001999422360427
0.02289609338296681 0.9546184848667337 0.01790586600742269 0.004579555742876745 | 0.0005057428796402097
0.004579555742875841 0.0228960933829682 0.0179058660074233 0.9546184848667327 | 0.0005057428796402238
0.9546184848667292 0.004579555742878448 0.0179058660074248 0.02289609338296758 | 0.0005057428796403027
0.003634038039874281 0.8589044391845247 0.01981617795956102 0.11764534481604 | 0.001289456072169969
0.1176453448160352 0.003634038039875694 0.01981617795956089 0.8589044391845282 | 0.001289456072170008
0.858904439184522 0.1176453448160376 0.01981617795956242 0.003634038039877985 | 0.001289456072170193
0.03542041822023295 0.5224715513554079 0.01083320231284623 0.431274828111513 | 0.002086301293239566
0.5224715513554018 0.4312748281115071 0.01083320231285078 0.03542041822024034 | 0.002086301293240483
0.43127482811151 0.03542041822023723 0.01083320231285082 0.522471551355402 | 0.002086301293240565
0.7939888499122254 0.003557095377268929 0.03305477917755645 0.1693992755329492 | 0.0020963338165057
0.003557095377268694 0.1693992755329503 0.0330547791775573 0.7939888499122237 | 0.002096333816505706
0.1693992755329477 0.7939888499122263 0.0330547791775572 0.003557095377268754 | 0.002096333816505719
0.03490045658756769 0.002190912398338879 0.6722668687771673 0.2906417622369261 | 0.002217064368779988
0.2906417622369189 0.03490045658756785 0.6722668687771728 0.002190912398340461 | 0.002217064368780136
0.002190912398345305 0.2906417622369231 0.6722668687771658 0.03490045658756569 | 0.002217064368780653
0.2341448840740503 0.692501417588051 0.0005245712210146334 0.0728291271168841 | 0.002614843457608431
0.07282912711688336 0.2341448840740487 0.000524571221016469 0.6925014175880515 | 0.0026148434576086
0.6925014175880473 0.07282912711688572 0.0005245712210174548 0.2341448840740495 | 0.002614843457608743
0.3050609665772057 0.01338905088310755 0.02647035150983993 0.6550796310298468 | 0.002816358486732715
0.6550796310298418 0.3050609665772103 0.02647035150984013 0.01338905088310775 | 0.002816358486732837
0.01338905088311035 0.6550796310298342 0.02647035150984075 0.3050609665772147 | 0.002816358486733098
0.004307832160712481 0.09910993965985174 0.1523437205162723 0.7442385076631635 | 0.002835998912930563
0.09910993965985478 0.7442385076631619 0.1523437205162712 0.004307832160712038 | 0.002835998912930566
0.7442385076631638 0.004307832160714106 0.1523437205162691 0.09910993965985301 | 0.002835998912930758
0.05919699437842132 0.07116099648149783 0.01765696019083371 0.8519850489492471 | 0.003126730725424427
0.07116099648149686 0.8519850489492479 0.01765696019083371 0.05919699437842155 | 0.003126730725424463
0.851985048949244 0.05919699437842153 0.01765696019083469 0.07116099648149979 | 0.003126730725424529
0.06123548744419532 0.2324179989563869 0.6975189009523872 0.00882761264703058 | 0.003153973602536165
0.00882761264703291 0.06123548744418655 0.6975189009523861 0.2324179989563944 | 0.003153973602536455
0.2324179989563872 0.008827612647035132 0.6975189009523897 0.06123548744418805 | 0.00315397360253695
0.09851040146030474 0.02461521681961515 0.8525144716501452 0.02435991006993499 | 0.003163187183116422
0.02461521681961598 0.02435991006993637 0.8525144716501353 0.09851040146031231 | 0.003163187183116666
0.02435991006993612 0.09851040146031514 0.8525144716501323 0.02461521681961654 | 0.003163187183116705
0.0299575541295916 0.4833426975320538 0.4764936746832871 0.01020607365506754 | 0.003221580435286838
0.0102060736550687 0.02995755412959167 0.4764936746832857 0.483342697532054 | 0.003221580435287081
0.4833426975320467 0.01020607365507009 0.4764936746832923 0.02995755412959084 | 0.00322158043528719
0.6941399725295285 0.02362764131444302 0.2643810815068189 0.01785130464920953 | 0.003339627167696848
0.0178513046492101 0.6941399725295325 0.2643810815068127 0.02362764131444467 | 0.003339627167697182
0.02362764131444548 0.01785130464921 0.2643810815068133 0.6941399725295312 | 0.003339627167697222
0.03438582765934707 0.02349501300003503 0.0990866132622732 0.8430325460783448 | 0.00367774167811276
0.02349501300003591 0.8430325460783443 0.09908661326227276 0.03438582765934704 | 0.003677741678112901
0.8430325460783392 0.03438582765934772 0.09908661326227759 0.02349501300003547 | 0.003677741678112909
0.3771063994176174 0.5748727589136075 0.0304912794861778 0.01752956218259738 | 0.004205214423890247
0.5748727589136118 0.01752956218259882 0.03049127948617824 0.3771063994176111 | 0.004205214423890422
0.01752956218260132 0.3771063994176133 0.03049127948617957 0.5748727589136059 | 0.004205214423891097
0.3324969599766356 0.3324969599766495 0.002509120070074782 0.3324969599766401 | 0.004942955441682392
0.1624334612403688 0.3425319979501514 0.4858624607394064 0.009172080070073307 | 0.005332292154378799
0.3425319979501512 0.009172080070074445 0.4858624607394076 0.1624334612403668 | 0.005332292154379329
0.009172080070074595 0.1624334612403718 0.48586246073941 0.3425319979501437 | 0.005332292154379453
0.1021695690942893 0.0288780033877441 0.2474312436355633 0.6215211838824033 | 0.006299077114277314
0.02887800338774448 0.6215211838824055 0.2474312436355594 0.1021695690942906 | 0.006299077114277537
0.6215211838824011 0.1021695690942831 0.2474312436355717 0.02887800338774416 | 0.006299077114277775
0.1183429008210087 0.5459504609989174 0.3155723028572613 0.02013433532281261 | 0.00737803689793278
0.02013433532281294 0.1183429008210102 0.31557230285726 0.5459504609989169 | 0.007378036897933093
0.5459504609989215 0.02013433532281465 0.3155723028572566 0.1183429008210072 | 0.007378036897933695
0.4641610608049748 0.08568157353024372 0.4268281867514006 0.02332917891338077 | 0.00771631583170163
0.0233291789133806 0.4641610608049873 0.4268281867513944 0.0856815735302377 | 0.007716315831701642
0.08568157353024217 0.02332917891338057 0.4268281867513945 0.4641610608049827 | 0.007716315831701708
0.4810426322698022 0.2337921730578832 0.2697819249825928 0.01538326968972176 | 0.007807035967871289
0.01538326968972469 0.4810426322698028 0.2697819249825922 0.2337921730578804 | 0.007807035967872181
0.2337921730578815 0.01538326968972496 0.2697819249825896 0.481042632269804 | 0.007807035967872265
0.08312515611213879 0.6898395103699005 0.02408109553674171 0.202954237981219 | 0.007846508554369643
0.20295423798122 0.08312515611213996 0.02408109553674232 0.6898395103698977 | 0.007846508554370055
0.6898395103698945 0.2029542379812216 0.02408109553674225 0.08312515611214158 | 0.007846508554370087
0.02742002486773186 0.1526139134707651 0.7016489041188455 0.1183171575426576 | 0.008000596024054854
0.1526139134707658 0.1183171575426507 0.7016489041188496 0.02742002486773387 | 0.00800059602405496
0.1183171575426545 0.02742002486773273 0.7016489041188465 0.1526139134707662 | 0.008000596024054986
0.0256118593510928 0.6956093147224817 0.1154478712992354 0.1633309546271902 | 0.008315808353509287
0.1633309546271897 0.02561185935109283 0.1154478712992363 0.6956093147224812 | 0.008315808353509403
0.695609314722476 0.1633309546271908 0.1154478712992393 0.02561185935109389 | 0.008315808353509861
0.2708902039289692 0.5606658837700146 0.1501625601277951 0.01828135217322113 | 0.008418522805063788
0.5606658837700202 0.01828135217322237 0.1501625601277912 0.2708902039289662 | 0.008418522805064077
0.01828135217322301 0.2708902039289658 0.1501625601277926 0.5606658837700186 | 0.008418522805064284
0.6014420504489564 0.07656778420928108 0.06193417797899343 0.2600559873627691 | 0.00858375505374044
0.2600559873627669 0.6014420504489668 0.06193417797899366 0.0765677842092726 | 0.008583755053740592
0.0765677842092839 0.2600559873627518 0.06193417797899652 0.6014420504489678 | 0.008583755053740759
0.07462605132720868 0.128036327678861 0.0802610178929508 0.7170766031009794 | 0.008688757350711517
0.7170766031009705 0.0746260513272115 0.08026101789294995 0.128036327678868 | 0.008688757350712022
0.1280363276788657 0.7170766031009719 0.08026101789294988 0.07462605132721249 | 0.008688757350712244
0.1859004086837668 0.01925270365058326 0.5025986233550219 0.292248264310628 | 0.00912078610871582
0.2922482643106227 0.185900408683766 0.5025986233550276 0.01925270365058374 | 0.00912078610871593
0.01925270365058409 0.2922482643106334 0.5025986233550225 0.18590040868376 | 0.009120786108716009
0.1176843397145563 0.1176843397145589 0.6469469808563281 0.1176843397145567 | 0.01110598507329943
0.2114376345514575 0.2363780333382985 0.02542476511605016 0.5267595669941939 | 0.01113988077259748
0.5267595669941891 0.211437634551462 0.02542476511605067 0.2363780333382982 | 0.01113988077259774
0.2363780333382918 0.5267595669941991 0.02542476511605207 0.211437634551457 | 0.01113988077259806
0.4463155182649424 0.4028816246284508 0.02619956075625247 0.1246032963503544 | 0.01145960029416907
0.402881624628445 0.1246032963503558 0.02619956075625247 0.4463155182649468 | 0.0114596002941693
0.1246032963503482 0.4463155182649512 0.02619956075625223 0.4028816246284483 | 0.01145960029416939
0.06201821930268873 0.08004502188860088 0.5617139637207647 0.2962227950879458 | 0.01155178034448177
0.2962227950879483 0.06201821930269108 0.5617139637207541 0.08004502188860652 | 0.01155178034448203
0.08004502188860683 0.2962227950879417 0.5617139637207641 0.06201821930268736 | 0.01155178034448213
0.2972901553171066 0.3803360632262429 0.297442217416377 0.02493156404027352 | 0.01170383356047521
0.3803360632262462 0.02493156404027269 0.2974422174163724 0.2972901553171086 | 0.01170383356047528
0.02493156404027382 0.2972901553171099 0.297442217416373 0.3803360632262432 | 0.01170383356047564
0.6021485466361711 0.0799434865871736 0.1972600853341152 0.12064788144254 | 0.011887985191612
0.120647881442539 0.6021485466361716 0.1972600853341229 0.07994348658716655 | 0.01188798519161229
0.07994348658717083 0.1206478814425371 0.1972600853341221 0.6021485466361699 | 0.01188798519161249
0.02875584715397042 0.4891098147268006 0.1151244443817293 0.3670098937374996 | 0.01215673761841356
0.3670098937375008 0.02875584715397076 0.1151244443817276 0.4891098147268008 | 0.0121567376184137
0.4891098147267995 0.3670098937374994 0.1151244443817297 0.02875584715397138 | 0.01215673761841393
0.134993927609458 0.4106933140901517 0.3647602491933826 0.08955250910700774 | 0.01313945192856208
0.08955250910700893 0.1349939276094596 0.3647602491933785 0.410693314090153 | 0.01313945192856243
0.4106933140901513 0.08955250910701389 0.3647602491933695 0.1349939276094653 | 0.01313945192856289
0.3918753971997565 0.114767516763099 0.2334539319513102 0.2599031540858343 | 0.01552667874066526
0.2599031540858343 0.3918753971997636 0.2334539319513043 0.1147675167630978 | 0.01552667874066688
0.1147675167631061 0.2599031540858358 0.2334539319513023 0.3918753971997558 | 0.01552667874066833
0.1301270947620232 0.3163617622563091 0.1273831687260135 0.4261279742556542 | 0.01690847088733956
0.3163617622563013 0.426127974255657 0.1273831687260152 0.1301270947620265 | 0.01690847088734039
0.4261279742556524 0.1301270947620246 0.127383168726021 0.316361762256302 | 0.01690847088734145
0.4045023685632761 0.2089114968404676 0.2918235155672437 0.09476261902901267 | 0.01878337843692898
0.2089114968404671 0.09476261902901918 0.2918235155672501 0.4045023685632637 | 0.01878337843692938
0.0947626190290201 0.4045023685632663 0.2918235155672511 0.2089114968404626 | 0.01878337843692946
0.2274485368045121 0.1002497543721358 0.4514599495099783 0.2208417593133737 | 0.01950856083079681
0.1002497543721362 0.2208417593133712 0.4514599495099766 0.227448536804516 | 0.01950856083079749
0.2208417593133764 0.2274485368045148 0.4514599495099708 0.1002497543721381 | 0.01950856083079761
0.5075486051202548 0.2316476952172538 0.1266237132343918 0.1341799864280997 | 0.02195224112844436
0.1341799864280956 0.5075486051202593 0.126623713234395 0.2316476952172501 | 0.02195224112844458
0.231647695217251 0.1341799864280973 0.1266237132343931 0.5075486051202587 | 0.02195224112844476
0.3053295843360563 0.305329584336061 0.08401124699181982 0.3053295843360628 | 0.02551715280129824
0.2482123715562289 0.2482123715562241 0.2553628853313281 0.248212371556219 | 0.02950496737799784
