--
domain: tetrahedron
order: 5
--
0.4544962958743503 0.4544962958743504 0.04550370412564962 0.0455037041256497 | 0.04254602077708142
0.04550370412564967 0.4544962958743504 0.4544962958743504 0.04550370412564958 | 0.04254602077708145
0.04550370412564973 0.4544962958743503 0.04550370412564969 0.4544962958743503 | 0.04254602077708145
0.4544962958743503 0.04550370412564966 0.4544962958743504 0.04550370412564975 | 0.04254602077708147
0.4544962958743503 0.04550370412564968 0.04550370412564962 0.4544962958743505 | 0.04254602077708147
0.0455037041256497 0.04550370412564966 0.4544962958743504 0.4544962958743503 | 0.04254602077708149
0.09273525031089128 0.7217942490673263 0.09273525031089122 0.09273525031089128 | 0.07349304311636191
0.721794249067326 0.09273525031089128 0.09273525031089129 0.0927352503108914 | 0.07349304311636191
0.09273525031089132 0.09273525031089114 0.09273525031089129 0.7217942490673263 | 0.07349304311636193
0.0927352503108913 0.0927352503108913 0.7217942490673263 0.09273525031089103 | 0.07349304311636196
0.3108859192633006 0.06734224221009831 0.3108859192633006 0.3108859192633004 | 0.1126879257180158
0.06734224221009824 0.3108859192633006 0.3108859192633007 0.3108859192633006 | 0.1126879257180158
0.3108859192633006 0.3108859192633007 0.3108859192633006 0.06734224221009805 | 0.1126879257180158
0.3108859192633006 0.3108859192633007 0.06734224221009814 0.3108859192633006 | 0.1126879257180159
