--
domain: tetrahedron
order: 15
--
0.02904413928682037 0.02484175292278384 0.008848046489432548 0.9372660613009632 | 0.0003056969967675392
0.0248417529227849 0.008848046489437518 0.02904413928681676 0.9372660613009608 | 0.0003056969967677529
0.008848046489452366 0.02904413928681213 0.02484175292278018 0.9372660613009554 | 0.0003056969967681826
0.7098479182391181 0.003073684779436487 0.2792517608130759 0.007826636168369566 | 0.0004854946815200308
0.2792517608130527 0.709847918239126 0.003073684779447072 0.007826636168374292 | 0.0004854946815204648
0.003073684779447583 0.2792517608130549 0.7098479182391227 0.007826636168374732 | 0.0004854946815205046
0.0031634653521971368 0.8851662080559259 0.01941685525440453 0.09225347133747239 | 0.000540231508089061
0.8851662080559137 0.01941685525440571 0.003163465352201491 0.09225347133747905 | 0.0005402315080893089
0.019416855254405174 0.003163465352203353 0.8851662080559214 0.09225347133747011 | 0.0005402315080893216
0.019912106609126567 0.02062270623222065 0.9433792085073393 0.01608597865131358 | 0.0006658073061313105
0.02062270623222151 0.943379208507337 0.01991210660912664 0.01608597865131474 | 0.000665807306131382
0.9433792085073374 0.01991210660912658 0.02062270623222047 0.01608597865131562 | 0.0006658073061313881
0.012771480361003729 0.1095755475481473 0.01464021932495235 0.8630127527658966 | 0.0008580677785378437
0.014640219324951076 0.01277148036100595 0.1095755475481476 0.8630127527658954 | 0.0008580677785378866
0.10957554754813892 0.01464021932495353 0.012771480361006 0.8630127527659015 | 0.0008580677785379432
0.2352857507942273 0.01034990660067171 0.7426915834872547 0.01167275911784623 | 0.0008614116841663662
0.7426915834872496 0.2352857507942327 0.01034990660067426 0.0116727591178434 | 0.0008614116841664157
0.010349906600676473 0.7426915834872502 0.2352857507942241 0.01167275911784928 | 0.000861411684166711
0.009097941712287172 0.0133390399676393 0.3718583817617002 0.6057046365583734 | 0.001022857153872907
0.013339039967638189 0.3718583817617083 0.009097941712290891 0.6057046365583626 | 0.00102285715387307
0.37185838176170194 0.009097941712294314 0.01333903996763977 0.6057046365583639 | 0.001022857153873352
0.4510584679490508 0.5249771861414798 0.01367226401253988 0.01029208189692955 | 0.001067732783063372
0.5249771861414663 0.01367226401254362 0.4510584679490587 0.01029208189693136 | 0.001067732783063678
0.013672264012544288 0.4510584679490486 0.5249771861414734 0.01029208189693373 | 0.001067732783063917
0.8278778488651943 0.0745911424654928 0.09342069694332726 0.004110311725985602 | 0.001127475060480442
0.09342069694333155 0.8278778488651856 0.07459114246549663 0.004110311725986349 | 0.001127475060480499
0.07459114246549825 0.0934206969433283 0.8278778488651842 0.004110311725989205 | 0.001127475060480686
0.8581319599564733 0.0122514981411758 0.11081079369917 0.01880574820318091 | 0.001131195261071419
0.01225149814117843 0.1108107936991686 0.8581319599564727 0.01880574820318023 | 0.001131195261071527
0.11081079369917002 0.85813195995647 0.01225149814117781 0.01880574820318224 | 0.001131195261071613
0.8621225595452013 0.01511843542458239 0.04765944606068975 0.0750995589695265 | 0.001220520643534932
0.015118435424582022 0.04765944606069021 0.8621225595452037 0.07509955896952418 | 0.001220520643534937
0.04765944606068451 0.8621225595452005 0.01511843542458308 0.0750995589695319 | 0.001220520643535107
0.6358376251855538 0.1361581213833478 0.001922023464433764 0.2260822299666647 | 0.001429872152287352
0.0019220234644334866 0.6358376251855543 0.13615812138335 0.2260822299666622 | 0.001429872152287716
0.13615812138334793 0.001922023464443689 0.6358376251855318 0.2260822299666766 | 0.001429872152288791
0.016510934311895098 0.01376037881840447 0.7415160297079681 0.2282126571617323 | 0.0014821494425657981
0.013760378818407304 0.741516029707964 0.01651093431189725 0.2282126571617314 | 0.001482149442566192
0.7415160297079543 0.01651093431189804 0.01376037881840719 0.2282126571617405 | 0.0014821494425662058
0.0000014280126520160863 0.5287234935734707 0.3829175522239497 0.08835752618992757 | 0.00155092314083083
0.3829175522239481 0.000001428012658284353 0.5287234935734723 0.08835752618992139 | 0.001550923140831266
0.5287234935734593 0.382917552223954 0.000001428012662889333 0.0883575261899238 | 0.001550923140831712
0.01720187300674947 0.8603078190745503 0.1006669391238628 0.02182336879483741 | 0.0015934993855948078
0.8603078190745498 0.1006669391238637 0.01720187300674862 0.02182336879483792 | 0.0015934993855948117
0.10066693912386215 0.01720187300674926 0.8603078190745502 0.0218233687948384 | 0.0015934993855948637
0.0948737471354093 0.213749749548486 0.003009152671000964 0.6883673506451037 | 0.001786124981508196
0.21374974954848291 0.003009152671001727 0.09487374713541114 0.6883673506451042 | 0.001786124981508356
0.0030091526710089855 0.09487374713541051 0.213749749548485 0.6883673506450955 | 0.001786124981509098
0.013568474825818355 0.01776885891901024 0.5596471440071771 0.4090155222479943 | 0.001793662924059105
0.017768858919010144 0.5596471440071775 0.01356847482581952 0.4090155222479928 | 0.0017936629240591392
0.5596471440071731 0.01356847482581988 0.01776885891900956 0.4090155222479974 | 0.001793662924059193
0.008829122768389208 0.5561861612025368 0.07185958939197906 0.3631251266370949 | 0.0019232997187521822
0.5561861612025201 0.07185958939199275 0.008829122768390513 0.3631251266370967 | 0.001923299718752746
0.07185958939198267 0.008829122768396735 0.556186161202529 0.3631251266370916 | 0.0019232997187531723
0.22214643364170805 0.02153556644467808 0.01948609324379375 0.7368319066698201 | 0.002011193038001121
0.02153556644468091 0.01948609324379522 0.2221464336417116 0.7368319066698122 | 0.002011193038001399
0.019486093243795022 0.2221464336417159 0.02153556644468099 0.736831906669808 | 0.002011193038001518
0.06876644515390429 0.7706018404420292 0.01488093241522564 0.1457507819888409 | 0.002145067125715038
0.7706018404420263 0.01488093241522547 0.06876644515390219 0.1457507819888461 | 0.002145067125715266
0.014880932415225145 0.06876644515390468 0.7706018404420206 0.1457507819888496 | 0.002145067125715382
0.0011314935059931752 0.2632140692833737 0.5416447947584936 0.1940096424521396 | 0.002259956184833013
0.263214069283371 0.5416447947584961 0.001131493505992412 0.1940096424521405 | 0.002259956184833064
0.5416447947584815 0.001131493505999361 0.2632140692833789 0.1940096424521402 | 0.002259956184833895
0.024105965553286812 0.5866866785337993 0.3700027679954775 0.01920458791743641 | 0.002502336027424191
0.37000276799547627 0.02410596555328862 0.5866866785337975 0.01920458791743763 | 0.00250233602742444
0.5866866785337861 0.3700027679954874 0.02410596555328817 0.01920458791743828 | 0.002502336027424529
0.21017794403482337 0.1007245253786872 0.007839833208067415 0.681257697378422 | 0.002524144856161971
0.10072452537868626 0.007839833208073724 0.2101779440348198 0.6812576973784202 | 0.002524144856162738
0.007839833208074909 0.2101779440348183 0.1007245253786925 0.6812576973784144 | 0.002524144856163086
0.4021533959124597 0.2678058473170444 0.009653727838177417 0.3203870289323185 | 0.002642042663514365
0.26780584731702883 0.009653727838177781 0.4021533959124907 0.3203870289323026 | 0.002642042663514703
0.009653727838182857 0.4021533959124549 0.2678058473170257 0.3203870289323365 | 0.002642042663516116
0.08504170597568839 0.01871950766556472 0.07877407681846821 0.8174647095402787 | 0.002706105653967578
0.018719507665564183 0.07877407681846901 0.08504170597569094 0.8174647095402758 | 0.002706105653967593
0.07877407681846416 0.08504170597569295 0.01871950766556529 0.8174647095402776 | 0.002706105653967675
0.048087354143703354 0.2289622580755599 0.7059180690514001 0.01703231872933662 | 0.002885552163891226
0.22896225807556292 0.7059180690513981 0.04808735414370217 0.01703231872933689 | 0.002885552163891232
0.7059180690514061 0.04808735414368957 0.2289622580755674 0.01703231872933699 | 0.002885552163891362
0.7208644894057538 0.01343952012215375 0.188978322150464 0.07671766832162848 | 0.002953010108381281
0.013439520122155768 0.1889783221504602 0.7208644894057589 0.07671766832162524 | 0.002953010108381412
0.1889783221504644 0.7208644894057502 0.01343952012215593 0.07671766832162946 | 0.002953010108381639
0.30620788781093533 0.1856695714205305 0.00940743474102812 0.498715106027506 | 0.0029835906830448034
0.009407434741029563 0.3062078878109278 0.1856695714205285 0.4987151060275142 | 0.002983590683045283
0.18566957142052853 0.009407434741032658 0.306207887810909 0.4987151060275297 | 0.0029835906830460264
0.19589446318021753 0.07134313304985408 0.7168988880207371 0.01586351574919136 | 0.0030277257689986905
0.07134313304986362 0.7168988880207331 0.1958944631802114 0.01586351574919187 | 0.0030277257689989064
0.7168988880207361 0.1958944631802093 0.07134313304985869 0.01586351574919585 | 0.003027725768999417
0.08445971648796247 0.6081230921397938 0.01132540328384632 0.2960917880883974 | 0.003032163997553845
0.6081230921397887 0.01132540328384961 0.08445971648796122 0.2960917880884005 | 0.003032163997554297
0.011325403283849567 0.08445971648796277 0.6081230921397877 0.2960917880884 | 0.0030321639975545
0.017945427351649945 0.7831901908047053 0.08946628745362917 0.1093980943900156 | 0.0030449304604489025
0.08946628745363183 0.01794542735164876 0.7831901908046981 0.1093980943900213 | 0.003044930460448908
0.783190190804698 0.08946628745363563 0.01794542735165081 0.1093980943900156 | 0.003044930460449175
0.2557959419063547 0.5244117804550043 0.2084577994081171 0.01133447823052404 | 0.003177770176097537
0.5244117804550149 0.2084577994081089 0.255795941906351 0.01133447823052516 | 0.003177770176097727
0.2084577994080996 0.2557959419063432 0.5244117804550297 0.01133447823052761 | 0.003177770176098164
0.06519129396750767 0.01588261437502311 0.3863456880386881 0.5325804036187812 | 0.0035768346737709506
0.38634568803868585 0.06519129396751876 0.0158826143750247 0.5325804036187707 | 0.0035768346737710607
0.015882614375026582 0.3863456880386817 0.0651912939675148 0.5325804036187769 | 0.0035768346737716098
0.06882938877955636 0.03236911071658531 0.6667349326998179 0.2320665678040404 | 0.003637919636949187
0.6667349326998073 0.06882938877957372 0.03236911071658261 0.2320665678040363 | 0.0036379196369498174
0.03236911071658921 0.6667349326998023 0.06882938877957215 0.2320665678040363 | 0.003637919636950729
0.688797160634864 0.2154208621405496 0.01783785666517354 0.07794412055941285 | 0.0037830641325782514
0.21542086214054001 0.01783785666517584 0.6887971606348672 0.07794412055941696 | 0.003783064132578551
0.01783785666517701 0.6887971606348626 0.2154208621405385 0.07794412055942193 | 0.003783064132578869
0.07972592914666898 0.4031765079784496 0.01499093171087654 0.5021066311640049 | 0.003894262403078457
0.4031765079784503 0.01499093171087712 0.07972592914667045 0.5021066311640021 | 0.00389426240307858
0.01499093171087984 0.07972592914666891 0.4031765079784464 0.5021066311640048 | 0.003894262403079241
0.1468847184494375 0.1848636811678036 0.6499516355495718 0.0182999648331871 | 0.004070803346596639
0.1848636811678236 0.6499516355495523 0.1468847184494371 0.01829996483318704 | 0.00407080334659724
0.6499516355495722 0.1468847184494266 0.184863681167814 0.01829996483318721 | 0.004070803346597384
0.013710451058616346 0.1804453441648688 0.451820102412822 0.3540241023636928 | 0.004211243246972996
0.45182010241283366 0.01371045105861957 0.1804453441648663 0.3540241023636804 | 0.004211243246973595
0.18044534416487112 0.4518201024128161 0.01371045105861805 0.3540241023636947 | 0.004211243246973616
0.5271052711349316 0.08105206237388583 0.3766532156247404 0.01518945086644218 | 0.00422699916760202
0.3766532156247513 0.5271052711349223 0.08105206237388458 0.01518945086644177 | 0.004226999167602049
0.08105206237388907 0.3766532156247387 0.5271052711349294 0.01518945086644269 | 0.004226999167602123
0.5424610980606275 0.331408497762104 0.1126435977537889 0.0134868064234796 | 0.004273926513753401
0.11264359775379118 0.5424610980606107 0.3314084977621181 0.01348680642347998 | 0.004273926513753788
0.3314084977621149 0.1126435977537936 0.5424610980606109 0.01348680642348059 | 0.004273926513753894
0.35661946264979916 0.5607935139776807 0.01909773271486895 0.06348929065765115 | 0.004308504303089285
0.5607935139776813 0.01909773271486825 0.3566194626497967 0.06348929065765373 | 0.004308504303089388
0.01909773271486892 0.3566194626497901 0.5607935139776836 0.0634892906576574 | 0.004308504303089446
0.04848577326034975 0.07227368768344591 0.2738988990502447 0.6053416400059596 | 0.004392057502532474
0.27389889905025877 0.04848577326034448 0.07227368768344192 0.6053416400059548 | 0.004392057502532598
0.07227368768345754 0.2738988990502546 0.04848577326034462 0.6053416400059433 | 0.004392057502533357
0.4236608056652664 0.3706144545187708 0.01602307963396246 0.1897016601820003 | 0.004492517660341751
0.3706144545187843 0.01602307963396413 0.4236608056652554 0.1897016601819962 | 0.004492517660341976
0.01602307963396532 0.4236608056652498 0.3706144545187751 0.1897016601820099 | 0.004492517660342421
0.15437425379828673 0.07313934036770678 0.06778253195192757 0.7047038738820789 | 0.004579874507811634
0.06778253195194328 0.1543742537982787 0.0731393403677088 0.7047038738820692 | 0.004579874507812269
0.07313934036771985 0.06778253195194402 0.1543742537982604 0.7047038738820758 | 0.004579874507812551
0.37897450700385205 0.2255550687888375 0.3828261323216449 0.01264429188566553 | 0.004599070752114356
0.22555506878884424 0.3828261323216364 0.3789745070038535 0.01264429188566583 | 0.004599070752114688
0.38282613232165796 0.3789745070038492 0.2255550687888252 0.01264429188566767 | 0.004599070752114752
0.2834067305208696 0.01610664762850615 0.1955976722408662 0.504888949609758 | 0.004696109559169662
0.016106647628505333 0.1955976722408699 0.2834067305208563 0.5048889496097685 | 0.004696109559169847
0.19559767224087843 0.2834067305208526 0.01610664762850647 0.5048889496097625 | 0.004696109559170298
0.7754467377849154 0.07394396840975409 0.08972209215481677 0.06088720165051376 | 0.004929877659368443
0.0897220921548153 0.7754467377849116 0.07394396840975978 0.06088720165051331 | 0.004929877659368461
0.07394396840975848 0.08972209215481254 0.7754467377849096 0.06088720165051947 | 0.004929877659368522
0.16009176343578924 0.02198550415554825 0.4522698873067332 0.3656528451019294 | 0.005041142997483998
0.021985504155552116 0.4522698873067705 0.1600917634357737 0.3656528451019036 | 0.005041142997484595
0.4522698873067502 0.1600917634358059 0.02198550415555332 0.3656528451018906 | 0.005041142997485244
0.14949833226468257 0.6425340162574237 0.03023340240085394 0.1777342490770398 | 0.005189814738676072
0.03023340240085237 0.1494983322647011 0.6425340162574126 0.1777342490770339 | 0.005189814738676105
0.642534016257415 0.03023340240085156 0.1494983322646933 0.1777342490770401 | 0.005189814738676132
0.024186252663014773 0.2982386203137134 0.3492984375384283 0.3282766894848435 | 0.005862649637774475
0.3492984375384063 0.02418625266301134 0.2982386203137263 0.3282766894848561 | 0.005862649637775226
0.2982386203137326 0.3492984375384166 0.02418625266301722 0.3282766894848335 | 0.005862649637775519
0.22389067731113432 0.02492578585848872 0.5613484323473249 0.1898351044830521 | 0.006019356842665673
0.5613484323473367 0.2238906773111161 0.02492578585848644 0.1898351044830608 | 0.006019356842665738
0.024925785858491034 0.5613484323473145 0.22389067731113 0.1898351044830645 | 0.006019356842666801
0.16525047454902408 0.1769461529053036 0.05090872345953187 0.6068946490861404 | 0.006664241269270311
0.05090872345954356 0.1652504745490214 0.1769461529053149 0.6068946490861201 | 0.006664241269270803
0.17694615290532223 0.05090872345953583 0.1652504745490102 0.6068946490861318 | 0.006664241269271095
0.4774118566482455 0.267326785868413 0.09253312310838845 0.162728234374953 | 0.006924716651495637
0.26732678586839986 0.09253312310841946 0.4774118566482484 0.1627282343749322 | 0.006924716651498002
0.09253312310842066 0.4774118566482272 0.2673267858684251 0.162728234374927 | 0.006924716651498908
0.0930046348584288 0.6324086041104882 0.194821777558372 0.07976498347271095 | 0.007133321868983812
0.19482177755836738 0.09300463485842678 0.6324086041104942 0.0797649834727117 | 0.007133321868984119
0.6324086041104879 0.1948217775583615 0.09300463485842231 0.07976498347272819 | 0.007133321868984707
0.30238692652484445 0.1286081121536503 0.06206882668877994 0.5069361346327252 | 0.007223589048729577
0.062068826688791434 0.3023869265248393 0.1286081121536543 0.5069361346327149 | 0.007223589048730604
0.12860811215363555 0.06206882668879442 0.3023869265248427 0.5069361346327274 | 0.007223589048730718
0.4956507181859342 0.0670060501118351 0.07446918750056565 0.362874044201665 | 0.007606528860544101
0.07446918750057152 0.4956507181859352 0.06700605011182939 0.3628740442016639 | 0.007606528860544255
0.06700605011183858 0.07446918750057789 0.4956507181859199 0.3628740442016637 | 0.007606528860544914
0.4869982397923376 0.04935190074328522 0.3139246227522204 0.1497252367121568 | 0.00784520802719414
0.049351900743280885 0.3139246227522261 0.4869982397923315 0.1497252367121615 | 0.007845208027194517
0.31392462275221944 0.4869982397923459 0.04935190074327669 0.149725236712158 | 0.007845208027194631
0.6291858870953899 0.1083529025389752 0.08656298623704123 0.1758982241285937 | 0.008031659876681006
0.08656298623704206 0.629185887095386 0.1083529025389925 0.1758982241285794 | 0.008031659876681413
0.10835290253898322 0.08656298623703901 0.629185887095383 0.1758982241285948 | 0.008031659876682378
0.058626144890060905 0.4947915054658847 0.3668061114674768 0.0797762381765776 | 0.008072813858538199
0.36680611146747333 0.05862614489007139 0.4947915054658749 0.07977623817658046 | 0.00807281385853882
0.4947915054658736 0.3668061114674683 0.05862614489007745 0.07977623817658072 | 0.00807281385853888
0.21085742452990952 0.6107564898848346 0.09155687274905353 0.08682921283620239 | 0.008390149171535615
0.09155687274905489 0.2108574245299135 0.6107564898848316 0.0868292128362 | 0.008390149171536085
0.6107564898848294 0.09155687274905454 0.2108574245299094 0.08682921283620657 | 0.008390149171536607
0.2718984091269656 0.27189840912706 0.2718984091270191 0.1843047726189553 | 0.00907033305470961
0.17276440052292918 0.08364528610473303 0.4598959913496589 0.2836943220226789 | 0.009220976407669668
0.08364528610475963 0.4598959913496499 0.1727644005229201 0.2836943220226703 | 0.00922097640767155
0.45989599134964476 0.1727644005229245 0.0836452861047611 0.2836943220226696 | 0.00922097640767167
0.22030718091570445 0.220307180915872 0.2203071809158613 0.3390784572525623 | 0.009410980595668464
0.34174872193554295 0.4498492745599813 0.1402964159526019 0.06810558755187382 | 0.00982302304621952
0.1402964159526019 0.3417487219355564 0.4498492745599653 0.0681055875518764 | 0.009823023046219964
0.44984927455997425 0.1402964159526053 0.3417487219355464 0.06810558755187403 | 0.00982302304622013
0.19319242914359913 0.4796245561760771 0.06988987460087778 0.2572931400794461 | 0.01000805918911805
0.06988987460087903 0.1931924291436032 0.4796245561760668 0.2572931400794509 | 0.01000805918911809
0.47962455617604505 0.06988987460089365 0.1931924291436036 0.2572931400794577 | 0.01000805918912071
0.19226221558097434 0.4819852013641325 0.2605590256904803 0.06519355736441289 | 0.01008084911055904
0.4819852013641509 0.260559025690468 0.1922622155809665 0.06519355736441458 | 0.01008084911055905
0.26055902569047595 0.1922622155809799 0.481985201364128 0.06519355736441629 | 0.01008084911055952
0.3304455393096002 0.09109001795840514 0.343030573977829 0.2354338687541656 | 0.01014728880161914
0.34303057397781933 0.3304455393096081 0.09109001795841783 0.2354338687541547 | 0.01014728880161932
0.09109001795842919 0.343030573977809 0.3304455393095925 0.2354338687541694 | 0.01014728880162128
0.3288744436262907 0.08624240167701186 0.1525520261883117 0.4323311285083857 | 0.01085611465241084
0.1525520261883233 0.3288744436262873 0.0862424016770105 0.4323311285083789 | 0.01085611465241102
0.08624240167701047 0.1525520261883389 0.3288744436262735 0.4323311285083771 | 0.01085611465241139
0.17528826325512448 0.3337847727363109 0.3372700741462638 0.1536568898623008 | 0.01096256609141757
0.33378477273634366 0.3372700741462386 0.1752882632551174 0.1536568898623003 | 0.0109625660914211
0.33727007414624566 0.1752882632551262 0.333784772736308 0.1536568898623202 | 0.01096256609142445
0.31131774611100527 0.3113177461109946 0.3113177461109871 0.06604676166701309 | 0.01124830065119754
0.08514028622191772 0.2898527003164425 0.2359060680311884 0.3891009454304513 | 0.01133531439294629
0.2898527003164222 0.2359060680311902 0.08514028622192746 0.3891009454304601 | 0.01133531439294871
0.23590606803118785 0.0851402862219274 0.2898527003164147 0.38910094543047 | 0.01133531439294929
0.1721127377617011 0.1915586123296988 0.4738597830753307 0.1624688668332693 | 0.01145767025398285
0.1915586123297066 0.4738597830753175 0.1721127377617093 0.1624688668332666 | 0.01145767025398439
0.47385978307530174 0.1721127377617219 0.1915586123296906 0.1624688668332857 | 0.01145767025398631
0.1933538189345324 0.343066772448071 0.1725513660667974 0.2910280425505992 | 0.01229675142111412
0.17255136606681942 0.1933538189344859 0.3430667724481031 0.2910280425505916 | 0.01229675142111414
0.34306677244796635 0.1725513660668472 0.1933538189345398 0.2910280425506466 | 0.012296751421123662
0.1627284320161826 0.1627284320161738 0.1627284320161655 0.5118147039514781 | 0.01444493731864532
