--
domain: tetrahedron
order: 6
--
0.03391614239336138 0.02431897424814286 0.03883608434488445 0.9029287990136113 | 0.0011826324752765881
0.04402845377061637 0.02286582381402311 0.9037700013321819 0.02933572108317866 | 0.001206879481977829
0.862041640686753 0.008781957777518898 0.0405760510668179 0.08860035046891021 | 0.0017372226206159916
0.07027109003412313 0.8411389516623184 0.05132520616520296 0.0372647521383555 | 0.0026542465308339587
0.5301633223028146 0.2112976585815863 0.007354523838069352 0.2511844952775297 | 0.0037609445463571384
0.5208949933088286 0.02346779557305456 0.06477516044710505 0.3908620506710118 | 0.0040385478129073915
0.701105547482842 0.2130411832361856 0.06001058302026912 0.02584268626070331 | 0.00425072071117374
0.030618856327857547 0.2678441981835756 0.06476943693005288 0.6367675085585139 | 0.005251568313784406
0.6102014095280662 0.05399614083591447 0.2757863004698506 0.06001614916616868 | 0.006619016274847046
0.018667118254730664 0.3293797185491983 0.3251196585770252 0.3268335046190458 | 0.0072065494492455666
0.05616003854336027 0.6243213635534294 0.06592492316000995 0.2535936747432003 | 0.007265066343438196
0.060895149926236014 0.06319998094256953 0.6174557201472688 0.2584491489839256 | 0.007768855687763452
0.06289472498862392 0.248449540118895 0.6265402017088824 0.06211553318359875 | 0.007858005078710203
0.06345374635312884 0.06373289529499766 0.277903669330078 0.5949096890217955 | 0.008148345983740361
0.2735014073532308 0.06517799276337043 0.5947173018757956 0.06660329800760315 | 0.008294771681919054
0.22016796841427477 0.08367881406005505 0.06609866241468051 0.6300545551109896 | 0.00883888731802823
0.07030848571044057 0.5773457813897267 0.2877250948264642 0.06462063807336853 | 0.008989168438051998
0.31303572433284077 0.038288670738245 0.3283881712312217 0.3202874336976925 | 0.009970224610238195
0.21187747126825962 0.3519391973347045 0.05509902249072568 0.3810843089063102 | 0.010435745880218545
0.326154407636278 0.5300632754810166 0.06678959978173812 0.07699271710096725 | 0.010511060314253423
0.5220116576881618 0.1521038113099309 0.1246499636374863 0.201234567364421 | 0.010722336995514588
0.33225310994407875 0.3041692653497818 0.3191942803489312 0.04438334435720821 | 0.011189302702092839
0.19518923315575354 0.2558207842649862 0.2794200529459882 0.269569929633272 | 0.018766567415678
