--
domain: tetrahedron
order: 11
--
0.02174356161965596 0.02174356161974667 0.02174356162123492 0.9347693151393625 | 0.00018520507764804083
0.007621040764077991 0.01214887718924207 0.4733927262830146 0.5068373557636653 | 0.00024392157838708066
0.01214887718919 0.473392726282396 0.007621040764793446 0.5068373557636205 | 0.000243921578397049
0.4733927262819505 0.007621040764693851 0.01214887718929203 0.5068373557640636 | 0.000243921578397797
0.12629940649021276 0.8283411311394426 0.01186743374839475 0.03349202862194989 | 0.0004426544798853663
0.01186743374851218 0.1262994064902889 0.8283411311393326 0.03349202862186627 | 0.00044265447988711795
0.8283411311392358 0.01186743374856977 0.1262994064902864 0.03349202862190801 | 0.000442654479888878
0.9066200210889787 0.03884286462495556 0.0266245121640002 0.02791260212206558 | 0.00046562748965273685
0.02662451216402073 0.906620021088922 0.03884286462496065 0.02791260212209652 | 0.00046562748965351384
0.03884286462491049 0.02662451216400466 0.9066200210888388 0.02791260212224616 | 0.00046562748965519116
0.8111989814431148 0.01779838979231115 0.02570671787901103 0.1452959108855631 | 0.000527992042630873
0.025706717878954843 0.8111989814430212 0.01779838979236296 0.1452959108856611 | 0.000527992042630885
0.01779838979234505 0.02570671787902293 0.8111989814422269 0.1452959108864052 | 0.000527992042634342
0.5280535337859412 0.4336893678654693 0.03413212384063684 0.004124974507952623 | 0.0005450543594569904
0.03413212384063269 0.5280535337860727 0.4336893678650325 0.0041249745082621 | 0.000545054359463543
0.4336893678647996 0.03413212384056524 0.528053533786363 0.004124974508272195 | 0.0005450543594640881
0.12133819923356104 0.02723844389731109 0.02928619896418311 0.8221371579049448 | 0.0007232685232691291
0.029286198964321164 0.1213381992336525 0.02723844389723012 0.8221371579047962 | 0.0007232685232705268
0.027238443897533715 0.0292861989645277 0.1213381992371994 0.8221371579007392 | 0.0007232685232867013
0.006072578388626848 0.1055219304212634 0.4058583387143239 0.4825471524757858 | 0.000852258543339523
0.10552193042117719 0.40585833871604 0.006072578389145572 0.4825471524736373 | 0.0008522585433631999
0.40585833871560284 0.00607257838916173 0.1055219304213615 0.482547152473874 | 0.0008522585433649738
0.15732456624326452 0.7375158260909277 0.09328386025279926 0.01187574741300857 | 0.0008570829478892283
0.7375158260904968 0.09328386025323457 0.1573245662432324 0.01187574741303624 | 0.0008570829478907689
0.09328386025315172 0.1573245662429647 0.7375158260902062 0.01187574741367739 | 0.0008570829479115868
0.03170450282669335 0.7570556764755156 0.1851613866917053 0.02607843400608577 | 0.001012842250592951
0.7570556764755347 0.1851613866916737 0.03170450282669195 0.02607843400609957 | 0.001012842250593049
0.18516138669152504 0.0317045028266906 0.7570556764755849 0.02607843400619944 | 0.0010128422505964068
0.023446115932090672 0.3085734208212338 0.6353194772067751 0.03266098603990054 | 0.0010128681282489697
0.3085734208211466 0.635319477206719 0.02344611593205012 0.03266098604008431 | 0.0010128681282520911
0.6353194772066997 0.02344611593211183 0.3085734208211992 0.03266098603998926 | 0.001012868128252403
0.03388950667081558 0.02841949702328586 0.2801664445485925 0.6575245517573061 | 0.0010556629969665655
0.028419497023646656 0.2801664445453317 0.03388950667075014 0.6575245517602716 | 0.001055662996989173
0.280166444545045 0.03388950667083485 0.02841949702363653 0.6575245517604836 | 0.001055662996989902
0.019511304085427894 0.7288732494846533 0.1160230818544248 0.1355923645754941 | 0.0010621542172256188
0.7288732494847603 0.1160230818543114 0.01951130408545599 0.1355923645754723 | 0.0010621542172265183
0.11602308185435029 0.01951130408539934 0.7288732494841443 0.135592364576106 | 0.0010621542172285483
0.01730489583746464 0.144054962296286 0.680860745134503 0.1577793967317463 | 0.0011697598043711175
0.6808607451342524 0.01730489583748775 0.1440549622963796 0.1577793967318802 | 0.0011697598043717676
0.14405496229613846 0.6808607451345954 0.01730489583762223 0.157779396731644 | 0.0011697598043740865
0.1549285874018521 0.1579550425986422 0.01216008923516082 0.6749562807643449 | 0.0012002940734976602
0.012160089235280891 0.1549285874017353 0.1579550425979384 0.6749562807650454 | 0.001200294073497819
0.1579550425983428 0.01216008923534246 0.1549285874013449 0.6749562807649698 | 0.0012002940735026382
0.1168981966935504 0.01001242225693271 0.4226210458987284 0.4504683351507885 | 0.001204257126245662
0.4226210458990921 0.1168981966933887 0.01001242225711663 0.4504683351504025 | 0.0012042571262564923
0.01001242225714083 0.4226210458990461 0.1168981966933672 0.4504683351504458 | 0.0012042571262568921
0.01942383515145374 0.5566694034765993 0.3465053726509192 0.07740138872102775 | 0.001384148614025617
0.3465053726507086 0.01942383515147987 0.5566694034766593 0.07740138872115238 | 0.001384148614025973
0.556669403476619 0.3465053726511215 0.01942383515155061 0.07740138872070887 | 0.001384148614030434
0.03484202370322942 0.613355585987273 0.03707747991970328 0.3147249103897943 | 0.0015051557681943553
0.6133555859872678 0.037077479919721 0.03484202370319439 0.3147249103898168 | 0.0015051557681955198
0.03707747991978971 0.0348420237032176 0.6133555859856407 0.314724910391352 | 0.0015051557682016624
0.3633475256979244 0.3389609703820722 0.01688864018974739 0.280802863730256 | 0.0016274985904939964
0.3389609703825147 0.01688864018976847 0.3633475256969008 0.280802863730816 | 0.0016274985904981987
0.01688864018983871 0.3633475256976239 0.3389609703821428 0.2808028637303945 | 0.0016274985905059345
0.5563518694313394 0.2689933017087768 0.1524656156298647 0.02218921323001911 | 0.0018737072129849982
0.1524656156299311 0.5563518694315872 0.2689933017084892 0.0221892132299926 | 0.00187370721298583
0.2689933017086493 0.1524656156298783 0.5563518694313629 0.02218921323010947 | 0.0018737072129913232
0.32777111272416615 0.3277711127242067 0.3277711127240469 0.01668666182758015 | 0.00193958466403963
0.17898218571028846 0.4945020621274046 0.02951774250327373 0.2969980096590332 | 0.0019496326390221017
0.4945020621271542 0.02951774250352841 0.1789821857098627 0.2969980096594547 | 0.0019496326390307033
0.029517742503467725 0.1789821857092536 0.4945020621265333 0.2969980096607454 | 0.0019496326390484552
0.5446750045560493 0.1978395470663011 0.02960272586703677 0.2278827225106128 | 0.00207150412472298
0.19783954706656015 0.02960272586707343 0.544675004555141 0.2278827225112254 | 0.0020715041247248048
0.029602725867109547 0.5446750045559754 0.1978395470660405 0.2278827225108745 | 0.002071504124725327
0.49848205033243786 0.03229881331828368 0.3371690700776922 0.1320500662715863 | 0.0021498066057806515
0.3371690700776324 0.4984820503323908 0.03229881331833241 0.1320500662716444 | 0.002149806605781448
0.03229881331826734 0.3371690700771687 0.4984820503329197 0.1320500662716443 | 0.0021498066057846865
0.10023547459858984 0.1207512536386751 0.6778351364529377 0.1011781353097973 | 0.00253409922583179
0.12075125363897876 0.6778351364538195 0.1002354745986857 0.1011781353085159 | 0.00253409922583231
0.6778351364537608 0.1002354745985345 0.1207512536390304 0.1011781353086743 | 0.002534099225833395
0.493695627078907 0.138106941917413 0.3354607968315433 0.03273663417213666 | 0.0025971204712147886
0.3354607968314064 0.4936956270790593 0.1381069419173125 0.03273663417222188 | 0.002597120471219267
0.13810694191743733 0.3354607968314335 0.4936956270789277 0.03273663417220138 | 0.002597120471221267
0.040604242190995676 0.2500532412376334 0.2507616099201166 0.4585809066512544 | 0.0028928877153485666
0.2500532412376948 0.2507616099209062 0.04060424219100611 0.4585809066503929 | 0.002892887715353863
0.25076160992013796 0.04060424219112386 0.2500532412374494 0.4585809066512888 | 0.00289288771535987
0.0902935356257294 0.09261674502310314 0.3090936802353301 0.5079960391158374 | 0.0029018056586740813
0.09261674502327055 0.3090936802365318 0.0902935356263497 0.5079960391138479 | 0.0029018056586777047
0.3090936802366897 0.09029353562658468 0.09261674502301917 0.5079960391137064 | 0.002901805658680232
0.11396953481233185 0.1139695348123683 0.1139695348116085 0.6580913955636913 | 0.0029993712524892485
0.47418212864603737 0.1429946401664338 0.2384743646845937 0.1443488665029351 | 0.003281967182103737
0.2384743646842984 0.4741821286458542 0.1429946401665482 0.1443488665032992 | 0.0032819671821101765
0.14299464016632568 0.2384743646842464 0.4741821286455784 0.1443488665038495 | 0.0032819671821297963
0.4910880526180865 0.2864949113772423 0.1115967035331357 0.1108203324715355 | 0.0033417252382084
0.28649491137725713 0.1115967035330135 0.4910880526179628 0.1108203324717666 | 0.0033417252382101736
0.11159670353295181 0.4910880526178663 0.286494911377532 0.1108203324716498 | 0.0033417252382157863
0.46011130467503647 0.125536113167282 0.1148821967817834 0.2994703853758982 | 0.0036081871202086548
0.11488219678196288 0.4601113046750214 0.1255361131668398 0.2994703853761758 | 0.0036081871202103036
0.12553611316750812 0.1148821967814947 0.4601113046733321 0.299470385377665 | 0.0036081871202163014
0.1968268645046296 0.1968268645044536 0.1968268645044899 0.4095194064864269 | 0.00450476478426666
0.30068980385537514 0.1275456273615645 0.3107744236691848 0.2609901451138755 | 0.004597380383431189
0.12754562736147013 0.3107744236696469 0.3006898038543989 0.2609901451144841 | 0.0045973803834320915
0.3107744236697627 0.3006898038549698 0.1275456273614465 0.260990145113821 | 0.00459738038343333
0.2960084699133574 0.296008469913471 0.2960084699134847 0.1119745902596869 | 0.004960765552103523
