--
domain: tetrahedron
order: 14
--
0.006857703680959708 0.006857703681460325 0.9794268889578419 0.006857703679738036 | 0.0001326304715554318
0.009252353846064727 0.004788844763930928 0.03329961033004269 0.9526591910599617 | 0.0003062422717916081
0.9526591910590293 0.009252353846425697 0.03329961033024104 0.004788844764303968 | 0.0003062422718052223
0.004788844764298505 0.9526591910584257 0.03329961033063356 0.00925235384664224 | 0.0003062422718125822
0.06141444425249755 0.9232999651585443 0.002010058648387674 0.0132755319405705 | 0.0003865523368973635
0.9232999651574737 0.01327553194083024 0.002010058649115951 0.06141444425258011 | 0.0003865523369177293
0.01327553194070744 0.06141444425278526 0.002010058649810132 0.9232999651566971 | 0.0003865523369318582
0.01773414386230762 0.8989650605386635 0.01446762164021698 0.06883317395881183 | 0.0009985509358173324
0.8989650605385748 0.0688331739588598 0.01446762164046387 0.0177341438621015 | 0.0009985509358233183
0.06883317395833545 0.01773414386215409 0.01446762164064887 0.8989650605388616 | 0.0009985509358356878
0.009247363617832223 0.3990139062271814 0.5829037436121112 0.008834986542875178 | 0.00100506631502414
0.399013906225403 0.008834986543019535 0.5829037436136701 0.009247363617907345 | 0.001005066315035382
0.008834986543086735 0.009247363618203858 0.5829037436168685 0.3990139062218409 | 0.001005066315053699
0.7709900229262808 0.01952291262766601 0.01015620879258834 0.1993308556534648 | 0.001510383294502125
0.01952291262769855 0.1993308556536677 0.01015620879265931 0.7709900229259744 | 0.001510383294509604
0.1993308556534236 0.7709900229262199 0.01015620879270446 0.01952291262765199 | 0.001510383294511446
0.02032554506145879 0.7220074978401071 0.2431115808353706 0.0145553762630635 | 0.001557037123532029
0.7220074978408385 0.01455537626308008 0.2431115808345355 0.02032554506154596 | 0.00155703712356756
0.01455537626344418 0.02032554506140792 0.2431115808356294 0.7220074978395185 | 0.001557037123631163
0.01883099256369943 0.01956534940768639 0.8819163274688043 0.07968733055980981 | 0.001574105140631024
0.07968733056157902 0.01883099256402238 0.8819163274665061 0.01956534940789245 | 0.001574105140670639
0.01956534940798839 0.07968733056254174 0.8819163274654277 0.01883099256404219 | 0.001574105140683729
0.8343838905775879 0.02228963644433849 0.1242803391217787 0.01904613385629492 | 0.001737740804468816
0.02228963644438797 0.0190461338562963 0.1242803391208842 0.8343838905784315 | 0.001737740804472743
0.01904613385630611 0.8343838905759399 0.1242803391233692 0.02228963644438475 | 0.001737740804485786
0.2039231912002361 0.02012121561803056 0.01440053742030228 0.7615550557614311 | 0.001967596134602619
0.02012121561804498 0.7615550557610796 0.01440053742029756 0.2039231912005778 | 0.001967596134602752
0.7615550557609511 0.2039231912006661 0.01440053742036038 0.02012121561802244 | 0.001967596134606619
0.3361509636180879 0.384645703604847 0.2764557088059904 0.002747623971074753 | 0.002013317271230114
0.002747623971354991 0.3361509636165141 0.2764557088037994 0.3846457036083315 | 0.002013317271272657
0.3846457036073966 0.002747623971615903 0.276455708804184 0.3361509636168036 | 0.002013317271285124
0.350859996445968 0.5522182104345288 0.004931325226067042 0.09199046789343618 | 0.002038335190731275
0.5522182104342734 0.09199046789365573 0.004931325226427101 0.3508599964456438 | 0.002038335190790098
0.09199046789304373 0.3508599964450814 0.004931325226952402 0.5522182104349225 | 0.002038335190840345
0.02152082553450803 0.0160803500126914 0.379120808464382 0.5832780159884186 | 0.002064712890465934
0.5832780159922265 0.02152082553456097 0.3791208084604637 0.01608035001274882 | 0.002064712890473364
0.01608035001313742 0.5832780159937186 0.379120808458791 0.02152082553435292 | 0.002064712890477832
0.00323980932956962 0.08400887661431675 0.386296150270937 0.5264551637851766 | 0.002256663233996461
0.5264551637848466 0.003239809329937143 0.3862961502712207 0.08400887661399553 | 0.002256663234040253
0.0840088766149807 0.5264551637842712 0.3862961502705597 0.00323980933018847 | 0.002256663234076034
0.09120718428587543 0.00411013141124883 0.3989904928634934 0.5056921914393824 | 0.002277242268361119
0.004110131411517128 0.5056921914391684 0.3989904928650359 0.09120718428427849 | 0.002277242268384512
0.5056921914383363 0.09120718428557456 0.3989904928644713 0.004110131411617812 | 0.002277242268412218
0.5156439635468597 0.2349406124884029 0.2474912783867316 0.001924145578005798 | 0.002606662555776668
0.2349406124899761 0.001924145578256931 0.2474912783858402 0.5156439635459269 | 0.00260666255582001
0.001924145578230063 0.5156439635453917 0.2474912783874761 0.2349406124889022 | 0.002606662555829621
0.01932237274818349 0.07638832520527908 0.05638385444735509 0.8479054475991824 | 0.002620943094181545
0.8479054475994247 0.01932237274817627 0.05638385444701339 0.07638832520538569 | 0.002620943094204372
0.07638832520496093 0.8479054476003125 0.05638385444661988 0.01932237274810664 | 0.002620943094213716
0.3823009464917305 0.0167988939596847 0.02255542412116617 0.5783447354274186 | 0.002835082464645224
0.01679889395970684 0.5783447354272748 0.02255542412126642 0.3823009464917519 | 0.002835082464658077
0.5783447354271684 0.3823009464918677 0.02255542412122661 0.01679889395973734 | 0.002835082464658189
0.2129425371446761 0.0212807476383709 0.7437074210582457 0.02206929415870729 | 0.002868455103111458
0.02206929415866949 0.2129425371459558 0.7437074210569653 0.02128074763840937 | 0.002868455103117399
0.02128074763856252 0.02206929415888909 0.7437074210601419 0.2129425371424064 | 0.002868455103145995
0.3317239526150014 0.3317239526139896 0.004828142155987282 0.3317239526150217 | 0.002875952853631905
0.5404797680657268 0.007294355381304199 0.2453763152229318 0.2068495613300372 | 0.003030717720368688
0.007294355381551722 0.2068495613301014 0.2453763152216877 0.5404797680666592 | 0.003030717720400125
0.2068495613312503 0.5404797680654154 0.2453763152219601 0.007294355381374185 | 0.003030717720401985
0.8058111958219785 0.09857704079908997 0.07586181203272872 0.01974995134620285 | 0.003071563695482687
0.01974995134613911 0.8058111958226273 0.07586181203231102 0.0985770407989226 | 0.003071563695484445
0.09857704079958525 0.0197499513461522 0.07586181203295679 0.8058111958213057 | 0.003071563695486829
0.01748287896089844 0.3792756315222444 0.02304572711563008 0.580195762401227 | 0.003080564445580618
0.3792756315220148 0.5801957624014105 0.02304572711563284 0.01748287896094188 | 0.003080564445589803
0.5801957624013359 0.01748287896096796 0.02304572711565241 0.3792756315220438 | 0.003080564445597751
0.2874224758303754 0.005601417694663574 0.6029413319659248 0.1040347745090362 | 0.003095022989361726
0.1040347745094613 0.2874224758296852 0.6029413319661477 0.00560141769470579 | 0.003095022989380672
0.005601417694883342 0.104034774509157 0.6029413319657438 0.2874224758302159 | 0.003095022989401973
0.1114551583386971 0.01030235261682538 0.7627564092743483 0.1154860797701293 | 0.003143842557385247
0.01030235261707004 0.1154860797700707 0.7627564092740204 0.1114551583388388 | 0.003143842557427992
0.1154860797697298 0.1114551583385124 0.7627564092743049 0.01030235261745294 | 0.003143842557478466
0.2935488505770338 0.09761999738538321 0.6006213514676992 0.00820980056988374 | 0.003464359444750507
0.09761999738502115 0.008209800569967951 0.6006213514669282 0.2935488505780827 | 0.003464359444760797
0.008209800569969635 0.293548850577753 0.6006213514668876 0.09761999738538973 | 0.003464359444767502
0.08497804426593077 0.517513525717932 0.01294633315160566 0.3845620968645316 | 0.003474472952247674
0.5175135257172315 0.3845620968650357 0.01294633315184834 0.0849780442658844 | 0.003474472952264732
0.3845620968647721 0.08497804426566612 0.01294633315189131 0.5175135257176705 | 0.003474472952267899
0.7877678986243767 0.09409500064304101 0.01931078849337184 0.09882631223921047 | 0.003624020544269819
0.09882631223971038 0.7877678986241535 0.01931078849337398 0.0940950006427621 | 0.003624020544275046
0.09409500064289474 0.09882631223940282 0.0193107884933751 0.7877678986243273 | 0.003624020544275626
0.5497595632204098 0.01252905980804105 0.1219406461222866 0.3157707308492627 | 0.003683578020296075
0.01252905980810353 0.3157707308500686 0.1219406461215593 0.5497595632202685 | 0.00368357802031626
0.3157707308512963 0.5497595632185667 0.1219406461220274 0.0125290598081097 | 0.00368357802032442
0.5303977839664743 0.2336768622507286 0.008568966905135528 0.2273563868776616 | 0.003802172079287347
0.2273563868775282 0.5303977839660673 0.008568966905105817 0.2336768622512988 | 0.003802172079289692
0.2336768622504743 0.2273563868768414 0.008568966905196002 0.5303977839674883 | 0.003802172079301811
0.01341116464697127 0.6612982036782233 0.09601282934079287 0.2292778023340126 | 0.003809274119446043
0.2292778023349974 0.01341116464707565 0.0960128293404185 0.6612982036775084 | 0.003809274119462113
0.661298203678323 0.2292778023338679 0.09601282934065727 0.01341116464715178 | 0.003809274119473429
0.6533880188663116 0.2247326755186619 0.01699262706566816 0.1048866785493583 | 0.003871269376928166
0.10488667854954 0.6533880188669758 0.01699262706582885 0.2247326755176553 | 0.003871269376949657
0.2247326755185866 0.1048866785488491 0.01699262706599834 0.6533880188665658 | 0.003871269376972213
0.2612596694959481 0.007667507939535023 0.4304413398190844 0.3006314827454324 | 0.003949865178581519
0.3006314827447682 0.2612596694952175 0.430441339820285 0.007667507939729312 | 0.003949865178586763
0.007667507939682639 0.3006314827445465 0.4304413398197249 0.261259669496046 | 0.003949865178618155
0.01940675068598702 0.1990033699311775 0.07543662479224182 0.7061532545905936 | 0.004081275540612334
0.7061532545902 0.01940675068596605 0.07543662479225494 0.1990033699315791 | 0.004081275540614281
0.1990033699315986 0.706153254589724 0.07543662479267595 0.01940675068600144 | 0.004081275540655719
0.2153693225142795 0.07162380480079734 0.0661407842999457 0.6468660883849775 | 0.004320186677478928
0.07162380480015625 0.6468660883848494 0.06614078429932518 0.2153693225156691 | 0.004320186677494429
0.6468660883845436 0.2153693225150791 0.06614078429928018 0.07162380480109713 | 0.00432018667752395
0.077815923168826 0.07781592316817382 0.7665522304918784 0.07781592317112174 | 0.004759723395406246
0.01877419874737987 0.1014405096223781 0.1843049531492825 0.6954803384809596 | 0.004845932819596691
0.6954803384805778 0.01877419874750536 0.1843049531493682 0.1014405096225487 | 0.004845932819645914
0.1014405096223557 0.6954803384805676 0.1843049531495559 0.01877419874752084 | 0.004845932819659964
0.09578855271960066 0.01823203771678103 0.2102844818945803 0.675694927669038 | 0.004931010814560586
0.6756949276694415 0.09578855271908891 0.2102844818946296 0.01823203771683995 | 0.004931010814563869
0.01823203771688221 0.6756949276687967 0.2102844818947134 0.09578855271960776 | 0.004931010814602941
0.4739258549152569 0.394299156898155 0.1145335941286789 0.01724139405790906 | 0.005424409298659606
0.394299156900111 0.01724139405791831 0.1145335941285089 0.4739258549134616 | 0.005424409298673685
0.01724139405793893 0.4739258549146191 0.1145335941289155 0.3942991568985264 | 0.005424409298691003
0.09983516167455454 0.2235331462354234 0.02642159417479953 0.6502100979152226 | 0.005460989291181884
0.6502100979152713 0.09983516167429868 0.02642159417490681 0.2235331462355232 | 0.005460989291244838
0.2235331462366786 0.650210097913948 0.026421594174992 0.09983516167438135 | 0.005460989291290918
0.04604965750902205 0.3968682475417654 0.5163227682090831 0.0407593267401295 | 0.005727261783720176
0.3968682475411293 0.0407593267406208 0.5163227682092674 0.04604965750898249 | 0.005727261783761345
0.04075932674082398 0.04604965750936901 0.5163227682088478 0.3968682475409593 | 0.00572726178378774
0.5706340243899409 0.08400311872986549 0.105036530907377 0.2403263259728166 | 0.006699651517107228
0.240326325971861 0.5706340243897189 0.1050365309082531 0.08400311873016701 | 0.006699651517133745
0.08400311873016891 0.240326325974372 0.1050365309055699 0.5706340243898892 | 0.006699651517141216
0.1932367143291832 0.0713650912511827 0.6582528796899906 0.07714531472964359 | 0.007349501442209064
0.07714531472941318 0.1932367143282536 0.6582528796907257 0.0713650912516075 | 0.0073495014422093
0.07136509125209903 0.07714531472977029 0.658252879686536 0.1932367143315947 | 0.007349501442246883
0.07837424052530441 0.3761818136931925 0.07236155120489983 0.4730823945766033 | 0.008208997919363397
0.4730823945784287 0.07837424052573189 0.07236155120465555 0.3761818136911839 | 0.008208997919443324
0.3761818136912941 0.473082394578608 0.07236155120451863 0.0783742405255793 | 0.008208997919495108
0.08923568468861766 0.5115423865329087 0.09281715399980724 0.3064047747786664 | 0.008550551288604278
0.3064047747789605 0.08923568468759871 0.09281715400051348 0.5115423865329274 | 0.008550551288658911
0.5115423865325862 0.3064047747787268 0.09281715400041667 0.08923568468827033 | 0.008550551288677955
0.09737203363634417 0.1007344014121848 0.4929088721328376 0.3089846928186334 | 0.009107867611710199
0.3089846928173871 0.09737203363532915 0.492908872135997 0.1007344014112866 | 0.009107867611759999
0.1007344014106231 0.3089846928177313 0.4929088721369547 0.09737203363469077 | 0.009107867611766891
0.1775478833143351 0.3899676091564037 0.4030241508000952 0.02946035672916597 | 0.009130619132910684
0.3899676091567567 0.02946035672918423 0.4030241508003236 0.1775478833137354 | 0.009130619132935567
0.02946035672919241 0.1775478833136099 0.403024150799614 0.3899676091575836 | 0.009130619132941725
0.0382221895291049 0.2034004094915035 0.5628552072214578 0.1955221937579338 | 0.009299955245756457
0.195522193757886 0.03822218952882864 0.5628552072215468 0.2034004094917387 | 0.009299955245759339
0.2034004094916 0.1955221937576974 0.5628552072214532 0.03822218952924938 | 0.00929995524576649
0.391993350183357 0.1914181781007838 0.03060828252772313 0.385980189188136 | 0.009446739702049126
0.3859801891875482 0.3919933501838906 0.03060828252764542 0.1914181781009157 | 0.009446739702049345
0.1914181781009923 0.3859801891869217 0.03060828252764046 0.3919933501844455 | 0.009446739702065811
0.03830546710979171 0.4143211516037891 0.3863688156730401 0.161004565613379 | 0.009618158729519025
0.4143211516027137 0.1610045656138734 0.3863688156733209 0.03830546711009203 | 0.009618158729531884
0.1610045656134992 0.0383054671100454 0.3863688156731704 0.414321151603285 | 0.009618158729557466
0.2056632530541998 0.05411126130896651 0.2061145172704723 0.5341109683663615 | 0.01004340142046944
0.5341109683662314 0.2056632530540627 0.2061145172707037 0.05411126130900221 | 0.0100434014205477
0.05411126130928814 0.5341109683657477 0.2061145172697658 0.2056632530551984 | 0.01004340142055051
0.1015171591699777 0.1020634349618442 0.1162724881045504 0.6801469177636278 | 0.01005857022790992
0.6801469177635077 0.1015171591702443 0.1162724881044248 0.1020634349618232 | 0.01005857022791025
0.102063434961655 0.6801469177636642 0.1162724881042698 0.101517159170411 | 0.01005857022791983
0.06794709903225467 0.08050368241686043 0.3036135923650056 0.5479356261858792 | 0.01007559414854637
0.5479356261852021 0.0679470990326355 0.3036135923649413 0.08050368241722111 | 0.01007559414857101
0.08050368241747642 0.5479356261849525 0.3036135923645354 0.0679470990330357 | 0.01007559414858962
0.2160065443462191 0.5071777807646763 0.2145116281103287 0.06230404677877585 | 0.01046629943411991
0.5071777807651786 0.06230404677880914 0.2145116281099157 0.2160065443460965 | 0.01046629943416311
0.06230404677908077 0.2160065443456221 0.2145116281088852 0.5071777807664121 | 0.01046629943418979
0.1271466762690916 0.167752470283245 0.3465563262838002 0.3585445271638631 | 0.01108962311518957
0.1677524702817992 0.358544527163581 0.3465563262852937 0.1271466762693261 | 0.0110896231152734
0.3585445271645286 0.1271466762697583 0.3465563262840383 0.1677524702816747 | 0.01108962311529199
0.3502614515179938 0.04637577761701088 0.2412387153575752 0.3621240555074202 | 0.01147674139604568
0.3621240555078011 0.3502614515181501 0.2412387153574093 0.04637577761663944 | 0.01147674139605218
0.04637577761704335 0.3621240555066351 0.2412387153578485 0.3502614515184731 | 0.01147674139609741
0.5035445472625852 0.2096968537717866 0.07908151868224303 0.2076770802833851 | 0.0132295742411817
0.2076770802830252 0.5035445472625711 0.07908151868236299 0.2096968537720406 | 0.01322957424118557
0.2096968537719228 0.207677080282593 0.07908151868295447 0.5035445472625297 | 0.01322957424125103
0.09704125425919986 0.2851510675157584 0.3639850895836558 0.2538225886413859 | 0.01470178544539434
0.2851510675153835 0.2538225886425896 0.363985089582452 0.097041254259575 | 0.01470178544543603
0.2538225886423787 0.09704125425935214 0.3639850895833628 0.2851510675149063 | 0.01470178544547772
0.3029181193293014 0.3029181193293765 0.09124564201234239 0.3029181193289797 | 0.01488953070147238
0.4526488719953613 0.1783434906135457 0.2141553642703896 0.1548522731207034 | 0.01504719421427231
0.1783434906131041 0.1548522731197198 0.2141553642717896 0.4526488719953865 | 0.01504719421427678
0.1548522731205867 0.4526488719948076 0.2141553642709648 0.1783434906136407 | 0.01504719421432172
0.165887520255092 0.165887520255045 0.5023374392351683 0.1658875202546948 | 0.01621927038505058
0.1538060360803229 0.3322960833854866 0.1644327097770143 0.3494651707571762 | 0.01790067394810685
0.332296083385749 0.3494651707568161 0.1644327097772045 0.1538060360802305 | 0.01790067394811538
0.3494651707565804 0.1538060360803426 0.1644327097771141 0.332296083385963 | 0.01790067394811609
0.2432210319415151 0.2432210319416702 0.2703369041747087 0.2432210319421061 | 0.01906895830895307
