--
domain: tetrahedron
order: 14
--
0.006857703679738036 0.006857703680959708 0.006857703681460325 0.9794268889578419 | 2.2105078592571967e-05
0.9526591910599617 0.009252353846064727 0.004788844763930928 0.03329961033004269 | 5.104037863193469e-05
0.004788844764303968 0.9526591910590293 0.009252353846425697 0.03329961033024104 | 5.1040378634203715e-05
0.009252353846642247 0.004788844764298505 0.9526591910584257 0.03329961033063356 | 5.104037863543036e-05
0.013275531940570517 0.06141444425249755 0.9232999651585443 0.002010058648387674 | 6.442538948289391e-05
0.061414444252580136 0.9232999651574737 0.01327553194083024 0.002010058649115951 | 6.442538948628821e-05
0.9232999651566972 0.01327553194070744 0.06141444425278526 0.002010058649810132 | 6.442538948864303e-05
0.06883317395881183 0.01773414386230762 0.8989650605386635 0.01446762164021698 | 0.0001664251559695554
0.01773414386210148 0.8989650605385748 0.0688331739588598 0.01446762164046387 | 0.00016642515597055306
0.8989650605388616 0.06883317395833545 0.01773414386215409 0.01446762164064887 | 0.00016642515597261462
0.008834986542875178 0.009247363617832223 0.3990139062271814 0.5829037436121112 | 0.00016751105250402333
0.009247363617907345 0.399013906225403 0.008834986543019535 0.5829037436136701 | 0.00016751105250589703
0.39901390622184096 0.008834986543086735 0.009247363618203858 0.5829037436168685 | 0.00016751105250894984
0.19933085565346476 0.7709900229262808 0.01952291262766601 0.01015620879258834 | 0.0002517305490836875
0.7709900229259744 0.01952291262769855 0.1993308556536677 0.01015620879265931 | 0.00025173054908493396
0.019522912627652045 0.1993308556534236 0.7709900229262199 0.01015620879270446 | 0.000251730549085241
0.014555376263063469 0.02032554506145879 0.7220074978401071 0.2431115808353706 | 0.0002595061872553382
0.020325545061545824 0.7220074978408385 0.01455537626308008 0.2431115808345355 | 0.00025950618726126
0.7220074978395186 0.01455537626344418 0.02032554506140792 0.2431115808356294 | 0.0002595061872718605
0.07968733055980981 0.01883099256369943 0.01956534940768639 0.8819163274688043 | 0.00026235085677183735
0.019565349407892563 0.07968733056157902 0.01883099256402238 0.8819163274665061 | 0.00026235085677843987
0.018830992564042193 0.01956534940798839 0.07968733056254174 0.8819163274654277 | 0.0002623508567806215
0.019046133856294944 0.8343838905775879 0.02228963644433849 0.1242803391217787 | 0.0002896234674114693
0.8343838905784315 0.02228963644438797 0.0190461338562963 0.1242803391208842 | 0.00028962346741212385
0.022289636444384753 0.01904613385630611 0.8343838905759399 0.1242803391233692 | 0.00028962346741429767
0.761555055761431 0.2039231912002361 0.02012121561803056 0.01440053742030228 | 0.00032793268910043645
0.20392319120057778 0.02012121561804498 0.7615550557610796 0.01440053742029756 | 0.0003279326891004587
0.02012121561802238 0.7615550557609511 0.2039231912006661 0.01440053742036038 | 0.0003279326891011032
0.002747623971074642 0.3361509636180879 0.384645703604847 0.2764557088059904 | 0.00033555287853835234
0.3846457036083315 0.002747623971354991 0.3361509636165141 0.2764557088037994 | 0.0003355528785454428
0.3361509636168035 0.3846457036073966 0.002747623971615903 0.276455708804184 | 0.0003355528785475206
0.09199046789343612 0.350859996445968 0.5522182104345288 0.004931325226067042 | 0.00033972253178854585
0.3508599964456437 0.5522182104342734 0.09199046789365573 0.004931325226427101 | 0.0003397225317983497
0.5522182104349225 0.09199046789304373 0.3508599964450814 0.004931325226952402 | 0.00033972253180672413
0.5832780159884186 0.02152082553450803 0.0160803500126914 0.379120808464382 | 0.0003441188150776556
0.01608035001274888 0.5832780159922265 0.02152082553456097 0.3791208084604637 | 0.000344118815078894
0.02152082553435286 0.01608035001313742 0.5832780159937186 0.379120808458791 | 0.00034411881507963863
0.5264551637851766 0.00323980932956962 0.08400887661431675 0.386296150270937 | 0.0003761105389994102
0.08400887661399548 0.5264551637848466 0.003239809329937143 0.3862961502712207 | 0.0003761105390067088
0.0032398093301884145 0.0840088766149807 0.5264551637842712 0.3862961502705597 | 0.00037611053901267236
0.5056921914393824 0.09120718428587543 0.00411013141124883 0.3989904928634934 | 0.0003795403780601865
0.09120718428427854 0.004110131411517128 0.5056921914391684 0.3989904928650359 | 0.00037954037806408534
0.004110131411617757 0.5056921914383363 0.09120718428557456 0.3989904928644713 | 0.00037954037806870296
0.001924145578005798 0.5156439635468597 0.2349406124884029 0.2474912783867316 | 0.0004344437592961113
0.5156439635459268 0.2349406124899761 0.001924145578256931 0.2474912783858402 | 0.00043444375930333496
0.2349406124889022 0.001924145578230063 0.5156439635453917 0.2474912783874761 | 0.00043444375930493687
0.8479054475991823 0.01932237274818349 0.07638832520527908 0.05638385444735509 | 0.00043682384903025753
0.07638832520538563 0.8479054475994247 0.01932237274817627 0.05638385444701339 | 0.000436823849034062
0.019322372748106664 0.07638832520496093 0.8479054476003125 0.05638385444661988 | 0.00043682384903561935
0.5783447354274186 0.3823009464917305 0.0167988939596847 0.02255542412116617 | 0.0004725137441075373
0.38230094649175195 0.01679889395970684 0.5783447354272748 0.02255542412126642 | 0.00047251374410967945
0.016798893959737327 0.5783447354271684 0.3823009464918677 0.02255542412122661 | 0.0004725137441096982
0.022069294158707287 0.2129425371446761 0.0212807476383709 0.7437074210582457 | 0.0004780758505185763
0.02128074763840937 0.02206929415866949 0.2129425371459558 0.7437074210569653 | 0.0004780758505195665
0.21294253714240652 0.02128074763856252 0.02206929415888909 0.7437074210601419 | 0.0004780758505243325
0.33172395261502174 0.3317239526150014 0.3317239526139896 0.004828142155987282 | 0.0004793254756053175
0.20684956133003718 0.5404797680657268 0.007294355381304199 0.2453763152229318 | 0.000505119620061448
0.5404797680666592 0.007294355381551722 0.2068495613301014 0.2453763152216877 | 0.0005051196200666875
0.007294355381374129 0.2068495613312503 0.5404797680654154 0.2453763152219601 | 0.0005051196200669975
0.019749951346202832 0.8058111958219785 0.09857704079908997 0.07586181203272872 | 0.0005119272825804478
0.0985770407989226 0.01974995134613911 0.8058111958226273 0.07586181203231102 | 0.0005119272825807408
0.8058111958213058 0.09857704079958525 0.0197499513461522 0.07586181203295679 | 0.0005119272825811382
0.580195762401227 0.01748287896089844 0.3792756315222444 0.02304572711563008 | 0.0005134274075967697
0.017482878960941917 0.3792756315220148 0.5801957624014105 0.02304572711563284 | 0.0005134274075983005
0.3792756315220437 0.5801957624013359 0.01748287896096796 0.02304572711565241 | 0.0005134274075996252
0.1040347745090362 0.2874224758303754 0.005601417694663574 0.6029413319659248 | 0.000515837164893621
0.005601417694705679 0.1040347745094613 0.2874224758296852 0.6029413319661477 | 0.0005158371648967786
0.28742247583021585 0.005601417694883342 0.104034774509157 0.6029413319657438 | 0.0005158371649003289
0.11548607977012926 0.1114551583386971 0.01030235261682538 0.7627564092743483 | 0.0005239737595642078
0.11145515833883879 0.01030235261707004 0.1154860797700707 0.7627564092740204 | 0.000523973759571332
0.010302352617452937 0.1154860797697298 0.1114551583385124 0.7627564092743049 | 0.0005239737595797443
0.00820980056988374 0.2935488505770338 0.09761999738538321 0.6006213514676992 | 0.0005773932407917512
0.29354885057808267 0.09761999738502115 0.008209800569967951 0.6006213514669282 | 0.0005773932407934662
0.09761999738538985 0.008209800569969635 0.293548850577753 0.6006213514668876 | 0.0005773932407945836
0.3845620968645316 0.08497804426593077 0.517513525717932 0.01294633315160566 | 0.0005790788253746123
0.0849780442658844 0.5175135257172315 0.3845620968650357 0.01294633315184834 | 0.0005790788253774553
0.5175135257176704 0.3845620968647721 0.08497804426566612 0.01294633315189131 | 0.0005790788253779831
0.09882631223921046 0.7877678986243767 0.09409500064304101 0.01931078849337184 | 0.0006040034240449698
0.0940950006427621 0.09882631223971038 0.7877678986241535 0.01931078849337398 | 0.000604003424045841
0.7877678986243273 0.09409500064289474 0.09882631223940282 0.0193107884933751 | 0.0006040034240459377
0.31577073084926255 0.5497595632204098 0.01252905980804105 0.1219406461222866 | 0.0006139296700493458
0.5497595632202685 0.01252905980810353 0.3157707308500686 0.1219406461215593 | 0.00061392967005271
0.012529059808109588 0.3157707308512963 0.5497595632185667 0.1219406461220274 | 0.00061392967005407
0.22735638687766158 0.5303977839664743 0.2336768622507286 0.008568966905135528 | 0.0006336953465478912
0.2336768622512987 0.2273563868775282 0.5303977839660673 0.008568966905105817 | 0.000633695346548282
0.5303977839674883 0.2336768622504743 0.2273563868768414 0.008568966905196002 | 0.0006336953465503019
0.22927780233401251 0.01341116464697127 0.6612982036782233 0.09601282934079287 | 0.0006348790199076738
0.6612982036775085 0.2292778023349974 0.01341116464707565 0.0960128293404185 | 0.0006348790199103522
0.013411164647151752 0.661298203678323 0.2292778023338679 0.09601282934065727 | 0.0006348790199122382
0.10488667854935829 0.6533880188663116 0.2247326755186619 0.01699262706566816 | 0.0006452115628213609
0.2247326755176553 0.10488667854954 0.6533880188669758 0.01699262706582885 | 0.0006452115628249428
0.653388018866566 0.2247326755185866 0.1048866785488491 0.01699262706599834 | 0.0006452115628287022
0.3006314827454325 0.2612596694959481 0.007667507939535023 0.4304413398190844 | 0.0006583108630969198
0.007667507939729368 0.3006314827447682 0.2612596694952175 0.430441339820285 | 0.0006583108630977938
0.26125966949604607 0.007667507939682639 0.3006314827445465 0.4304413398197249 | 0.0006583108631030258
0.7061532545905936 0.01940675068598702 0.1990033699311775 0.07543662479224182 | 0.0006802125901020557
0.19900336993157897 0.7061532545902 0.01940675068596605 0.07543662479225494 | 0.0006802125901023802
0.019406750686001395 0.1990033699315986 0.706153254589724 0.07543662479267595 | 0.0006802125901092864
0.6468660883849775 0.2153693225142795 0.07162380480079734 0.0661407842999457 | 0.0007200311129131547
0.2153693225156692 0.07162380480015625 0.6468660883848494 0.06614078429932518 | 0.0007200311129157382
0.07162380480109709 0.6468660883845436 0.2153693225150791 0.06614078429928018 | 0.0007200311129206584
0.07781592317112174 0.077815923168826 0.07781592316817382 0.7665522304918784 | 0.0007932872325677078
0.6954803384809596 0.01877419874737987 0.1014405096223781 0.1843049531492825 | 0.0008076554699327818
0.10144050962254858 0.6954803384805778 0.01877419874750536 0.1843049531493682 | 0.0008076554699409858
0.018774198747520843 0.1014405096223557 0.6954803384805676 0.1843049531495559 | 0.0008076554699433273
0.675694927669038 0.09578855271960066 0.01823203771678103 0.2102844818945803 | 0.0008218351357600976
0.01823203771684001 0.6756949276694415 0.09578855271908891 0.2102844818946296 | 0.0008218351357606448
0.09578855271960773 0.01823203771688221 0.6756949276687967 0.2102844818947134 | 0.0008218351357671569
0.017241394057909254 0.4739258549152569 0.394299156898155 0.1145335941286789 | 0.0009040682164432678
0.47392585491346173 0.394299156900111 0.01724139405791831 0.1145335941285089 | 0.0009040682164456141
0.39429915689852646 0.01724139405793893 0.4739258549146191 0.1145335941289155 | 0.0009040682164485006
0.6502100979152226 0.09983516167455454 0.2235331462354234 0.02642159417479953 | 0.0009101648818636473
0.22353314623552323 0.6502100979152713 0.09983516167429868 0.02642159417490681 | 0.0009101648818741396
0.09983516167438133 0.2235331462366786 0.650210097913948 0.026421594174992 | 0.0009101648818818196
0.04075932674012939 0.04604965750902205 0.3968682475417654 0.5163227682090831 | 0.0009545436306200294
0.04604965750898249 0.3968682475411293 0.0407593267406208 0.5163227682092674 | 0.0009545436306268908
0.3968682475409592 0.04075932674082398 0.04604965750936901 0.5163227682088478 | 0.0009545436306312901
0.24032632597281667 0.5706340243899409 0.08400311872986549 0.105036530907377 | 0.001116608586184538
0.08400311873016708 0.240326325971861 0.5706340243897189 0.1050365309082531 | 0.0011166085861889575
0.5706340243898891 0.08400311873016891 0.240326325974372 0.1050365309055699 | 0.0011166085861902028
0.07714531472964348 0.1932367143291832 0.0713650912511827 0.6582528796899906 | 0.001224916907034844
0.0713650912516075 0.07714531472941318 0.1932367143282536 0.6582528796907257 | 0.0012249169070348833
0.19323671433159473 0.07136509125209903 0.07714531472977029 0.658252879686536 | 0.0012249169070411472
0.4730823945766033 0.07837424052530441 0.3761818136931925 0.07236155120489983 | 0.0013681663198938994
0.37618181369118386 0.4730823945784287 0.07837424052573189 0.07236155120465555 | 0.0013681663199072208
0.07837424052557929 0.3761818136912941 0.473082394578608 0.07236155120451863 | 0.0013681663199158513
0.30640477477866634 0.08923568468861766 0.5115423865329087 0.09281715399980724 | 0.0014250918814340463
0.5115423865329273 0.3064047747789605 0.08923568468759871 0.09281715400051348 | 0.0014250918814431518
0.08923568468827037 0.5115423865325862 0.3064047747787268 0.09281715400041667 | 0.0014250918814463257
0.3089846928186334 0.09737203363634417 0.1007344014121848 0.4929088721328376 | 0.001517977935285033
0.10073440141128676 0.3089846928173871 0.09737203363532915 0.492908872135997 | 0.0015179779352933332
0.09737203363469082 0.1007344014106231 0.3089846928177313 0.4929088721369547 | 0.0015179779352944818
0.029460356729166026 0.1775478833143351 0.3899676091564037 0.4030241508000952 | 0.001521769855485114
0.1775478833137354 0.3899676091567567 0.02946035672918423 0.4030241508003236 | 0.001521769855489261
0.38996760915758366 0.02946035672919241 0.1775478833136099 0.403024150799614 | 0.0015217698554902874
0.1955221937579339 0.0382221895291049 0.2034004094915035 0.5628552072214578 | 0.0015499925409594095
0.20340040949173854 0.195522193757886 0.03822218952882864 0.5628552072215468 | 0.0015499925409598898
0.038222189529249384 0.2034004094916 0.1955221937576974 0.5628552072214532 | 0.0015499925409610817
0.38598018918813604 0.391993350183357 0.1914181781007838 0.03060828252772313 | 0.0015744566170081877
0.19141817810091577 0.3859801891875482 0.3919933501838906 0.03060828252764542 | 0.0015744566170082241
0.3919933501844456 0.1914181781009923 0.3859801891869217 0.03060828252764046 | 0.0015744566170109685
0.16100456561337917 0.03830546710979171 0.4143211516037891 0.3863688156730401 | 0.0016030264549198375
0.03830546711009197 0.4143211516027137 0.1610045656138734 0.3863688156733209 | 0.0016030264549219807
0.414321151603285 0.1610045656134992 0.0383054671100454 0.3863688156731704 | 0.0016030264549262445
0.5341109683663614 0.2056632530541998 0.05411126130896651 0.2061145172704723 | 0.0016739002367449065
0.054111261309002234 0.5341109683662314 0.2056632530540627 0.2061145172707037 | 0.00167390023675795
0.2056632530551984 0.05411126130928814 0.5341109683657477 0.2061145172697658 | 0.0016739002367584183
0.6801469177636277 0.1015171591699777 0.1020634349618442 0.1162724881045504 | 0.0016764283713183198
0.10206343496182324 0.6801469177635077 0.1015171591702443 0.1162724881044248 | 0.0016764283713183751
0.10151715917041093 0.102063434961655 0.6801469177636642 0.1162724881042698 | 0.0016764283713199717
0.5479356261858792 0.06794709903225467 0.08050368241686043 0.3036135923650056 | 0.001679265691424395
0.08050368241722117 0.5479356261852021 0.0679470990326355 0.3036135923649413 | 0.0016792656914285016
0.06794709903303575 0.08050368241747642 0.5479356261849525 0.3036135923645354 | 0.0016792656914316033
0.06230404677877588 0.2160065443462191 0.5071777807646763 0.2145116281103287 | 0.001744383239019985
0.21600654434609656 0.5071777807651786 0.06230404677880914 0.2145116281099157 | 0.001744383239027185
0.507177780766412 0.06230404677908077 0.2160065443456221 0.2145116281088852 | 0.0017443832390316317
0.3585445271638632 0.1271466762690916 0.167752470283245 0.3465563262838002 | 0.0018482705191982616
0.12714667626932608 0.1677524702817992 0.358544527163581 0.3465563262852937 | 0.0018482705192122333
0.16775247028167473 0.3585445271645286 0.1271466762697583 0.3465563262840383 | 0.0018482705192153315
0.3621240555074201 0.3502614515179938 0.04637577761701088 0.2412387153575752 | 0.00191279023267428
0.04637577761663958 0.3621240555078011 0.3502614515181501 0.2412387153574093 | 0.0019127902326753633
0.350261451518473 0.04637577761704335 0.3621240555066351 0.2412387153578485 | 0.0019127902326829017
0.20767708028338516 0.5035445472625852 0.2096968537717866 0.07908151868224303 | 0.00220492904019695
0.20969685377204061 0.2076770802830252 0.5035445472625711 0.07908151868236299 | 0.0022049290401975953
0.5035445472625297 0.2096968537719228 0.207677080282593 0.07908151868295447 | 0.002204929040208505
0.25382258864138596 0.09704125425919986 0.2851510675157584 0.3639850895836558 | 0.00245029757423239
0.09704125425957488 0.2851510675153835 0.2538225886425896 0.363985089582452 | 0.0024502975742393385
0.28515106751490626 0.2538225886423787 0.09704125425935214 0.3639850895833628 | 0.0024502975742462865
0.3029181193289796 0.3029181193293014 0.3029181193293765 0.09124564201234239 | 0.002481588450245397
0.15485227312070338 0.4526488719953613 0.1783434906135457 0.2141553642703896 | 0.0025078657023787183
0.4526488719953865 0.1783434906131041 0.1548522731197198 0.2141553642717896 | 0.0025078657023794634
0.17834349061364096 0.1548522731205867 0.4526488719948076 0.2141553642709648 | 0.0025078657023869535
0.16588752025469478 0.165887520255092 0.165887520255045 0.5023374392351683 | 0.002703211730841763
0.3494651707571762 0.1538060360803229 0.3322960833854866 0.1644327097770143 | 0.002983445658017808
0.15380603608023047 0.332296083385749 0.3494651707568161 0.1644327097772045 | 0.00298344565801923
0.33229608338596295 0.3494651707565804 0.1538060360803426 0.1644327097771141 | 0.0029834456580193486
0.24322103194210598 0.2432210319415151 0.2432210319416702 0.2703369041747087 | 0.0031781597181588447
