--
domain: tetrahedron
order: 11
--
0.02174356161974667 0.02174356162123492 0.9347693151393625 0.02174356161965596 | 0.001111230465888245
0.01214887718924207 0.4733927262830146 0.5068373557636653 0.007621040764078102 | 0.001463529470322484
0.473392726282396 0.007621040764793446 0.5068373557636205 0.01214887718919 | 0.001463529470382294
0.007621040764693851 0.01214887718929203 0.5068373557640636 0.4733927262819505 | 0.001463529470386782
0.8283411311394426 0.01186743374839475 0.03349202862194989 0.1262994064902127 | 0.002655926879312198
0.1262994064902889 0.8283411311393326 0.03349202862186627 0.0118674337485122 | 0.002655926879322708
0.01186743374856977 0.1262994064902864 0.03349202862190801 0.8283411311392358 | 0.002655926879333268
0.03884286462495556 0.0266245121640002 0.02791260212206558 0.9066200210889787 | 0.002793764937916421
0.906620021088922 0.03884286462496065 0.02791260212209652 0.0266245121640208 | 0.002793764937921083
0.02662451216400466 0.9066200210888388 0.02791260212224616 0.03884286462491044 | 0.002793764937931147
0.01779838979231115 0.02570671787901103 0.1452959108855631 0.8111989814431148 | 0.003167952255785238
0.8111989814430212 0.01779838979236296 0.1452959108856611 0.02570671787895482 | 0.00316795225578531
0.02570671787902293 0.8111989814422269 0.1452959108864052 0.01779838979234497 | 0.003167952255806052
0.4336893678654693 0.03413212384063684 0.004124974507952623 0.5280535337859413 | 0.003270326156741943
0.5280535337860727 0.4336893678650325 0.0041249745082621 0.03413212384063269 | 0.003270326156781258
0.03413212384056524 0.528053533786363 0.004124974508272195 0.4336893678647996 | 0.003270326156784528
0.02723844389731109 0.02928619896418311 0.8221371579049448 0.1213381992335609 | 0.004339611139614775
0.1213381992336525 0.02723844389723012 0.8221371579047962 0.02928619896432116 | 0.004339611139623161
0.0292861989645277 0.1213381992371994 0.8221371579007392 0.02723844389753383 | 0.004339611139720208
0.1055219304212634 0.4058583387143239 0.4825471524757858 0.006072578388626904 | 0.005113551260037138
0.40585833871604 0.006072578389145572 0.4825471524736373 0.1055219304211772 | 0.005113551260179199
0.00607257838916173 0.1055219304213615 0.482547152473874 0.4058583387156028 | 0.005113551260189843
0.7375158260909277 0.09328386025279926 0.01187574741300857 0.1573245662432645 | 0.005142497687335369
0.09328386025323457 0.1573245662432324 0.01187574741303624 0.7375158260904968 | 0.005142497687344614
0.1573245662429647 0.7375158260902062 0.01187574741367739 0.0932838602531518 | 0.005142497687469521
0.7570556764755156 0.1851613866917053 0.02607843400608577 0.03170450282669325 | 0.006077053503557707
0.1851613866916737 0.03170450282669195 0.02607843400609957 0.7570556764755348 | 0.006077053503558295
0.0317045028266906 0.7570556764755849 0.02607843400619944 0.1851613866915251 | 0.006077053503578441
0.3085734208212338 0.6353194772067751 0.03266098603990054 0.02344611593209055 | 0.006077208769493818
0.635319477206719 0.02344611593205012 0.03266098604008431 0.3085734208211466 | 0.006077208769512546
0.02344611593211183 0.3085734208211992 0.03266098603998926 0.6353194772066998 | 0.006077208769514417
0.02841949702328586 0.2801664445485925 0.6575245517573061 0.03388950667081558 | 0.006333977981799393
0.2801664445453317 0.03388950667075014 0.6575245517602716 0.02841949702364654 | 0.006333977981935039
0.03388950667083485 0.02841949702363653 0.6575245517604836 0.2801664445450449 | 0.006333977981939412
0.7288732494846533 0.1160230818544248 0.1355923645754941 0.01951130408542781 | 0.006372925303353713
0.1160230818543114 0.01951130408545599 0.1355923645754723 0.7288732494847604 | 0.006372925303359109
0.01951130408539934 0.7288732494841443 0.135592364576106 0.1160230818543503 | 0.00637292530337129
0.144054962296286 0.680860745134503 0.1577793967317463 0.0173048958374647 | 0.007018558826226705
0.01730489583748775 0.1440549622963796 0.1577793967318802 0.6808607451342525 | 0.007018558826230605
0.6808607451345954 0.01730489583762223 0.157779396731644 0.1440549622961383 | 0.007018558826244519
0.1579550425986422 0.01216008923516082 0.6749562807643449 0.1549285874018521 | 0.007201764440985961
0.1549285874017353 0.1579550425979384 0.6749562807650454 0.01216008923528078 | 0.007201764440986914
0.01216008923534246 0.1549285874013449 0.6749562807649698 0.1579550425983428 | 0.007201764441015829
0.01001242225693271 0.4226210458987284 0.4504683351507885 0.1168981966935504 | 0.007225542757473971
0.1168981966933887 0.01001242225711663 0.4504683351504025 0.4226210458990921 | 0.007225542757538953
0.4226210458990461 0.1168981966933672 0.4504683351504458 0.010012422257141 | 0.007225542757541352
0.5566694034765993 0.3465053726509192 0.07740138872102775 0.01942383515145374 | 0.008304891684153702
0.01942383515147987 0.5566694034766593 0.07740138872115238 0.3465053726507085 | 0.008304891684155838
0.3465053726511215 0.01942383515155061 0.07740138872070887 0.556669403476619 | 0.008304891684182603
0.613355585987273 0.03707747991970328 0.3147249103897943 0.03484202370322936 | 0.009030934609166132
0.037077479919721 0.03484202370319439 0.3147249103898168 0.6133555859872678 | 0.009030934609173119
0.0348420237032176 0.6133555859856407 0.314724910391352 0.03707747991978971 | 0.009030934609209975
0.3389609703820722 0.01688864018974739 0.280802863730256 0.3633475256979243 | 0.009764991542963978
0.01688864018976847 0.3633475256969008 0.280802863730816 0.3389609703825148 | 0.009764991542989192
0.3633475256976239 0.3389609703821428 0.2808028637303945 0.01688864018983882 | 0.009764991543035607
0.2689933017087768 0.1524656156298647 0.02218921323001911 0.5563518694313393 | 0.01124224327790999
0.5563518694315872 0.2689933017084892 0.0221892132299926 0.152465615629931 | 0.01124224327791498
0.1524656156298783 0.5563518694313629 0.02218921323010947 0.2689933017086493 | 0.01124224327794794
0.3277711127242067 0.3277711127240469 0.01668666182758015 0.3277711127241663 | 0.01163750798423778
0.4945020621274046 0.02951774250327373 0.2969980096590332 0.1789821857102886 | 0.01169779583413261
0.02951774250352841 0.1789821857098627 0.2969980096594547 0.494502062127154 | 0.01169779583418422
0.1789821857092536 0.4945020621265333 0.2969980096607454 0.02951774250346773 | 0.01169779583429073
0.1978395470663011 0.02960272586703677 0.2278827225106128 0.5446750045560493 | 0.01242902474833788
0.02960272586707343 0.544675004555141 0.2278827225112254 0.1978395470665602 | 0.01242902474834883
0.5446750045559754 0.1978395470660405 0.2278827225108745 0.02960272586710963 | 0.01242902474835196
0.03229881331828368 0.3371690700776922 0.1320500662715863 0.4984820503324378 | 0.01289883963468391
0.4984820503323908 0.03229881331833241 0.1320500662716444 0.3371690700776324 | 0.01289883963468869
0.3371690700771687 0.4984820503329197 0.1320500662716443 0.0322988133182672 | 0.01289883963470812
0.1207512536386751 0.6778351364529377 0.1011781353097973 0.1002354745985899 | 0.01520459535499074
0.6778351364538195 0.1002354745986857 0.1011781353085159 0.1207512536389788 | 0.01520459535499386
0.1002354745985345 0.1207512536390304 0.1011781353086743 0.6778351364537608 | 0.01520459535500037
0.138106941917413 0.3354607968315433 0.03273663417213666 0.493695627078907 | 0.01558272282728873
0.4936956270790593 0.1381069419173125 0.03273663417222188 0.3354607968314063 | 0.0155827228273156
0.3354607968314335 0.4936956270789277 0.03273663417220138 0.1381069419174373 | 0.0155827228273276
0.2500532412376334 0.2507616099201166 0.4585809066512544 0.04060424219099551 | 0.0173573262920914
0.2507616099209062 0.04060424219100611 0.4585809066503929 0.2500532412376947 | 0.01735732629212318
0.04060424219112386 0.2500532412374494 0.4585809066512888 0.2507616099201379 | 0.01735732629215922
0.09261674502310314 0.3090936802353301 0.5079960391158374 0.0902935356257294 | 0.01741083395204449
0.3090936802365318 0.0902935356263497 0.5079960391138479 0.09261674502327055 | 0.01741083395206623
0.09029353562658468 0.09261674502301917 0.5079960391137064 0.3090936802366897 | 0.01741083395208139
0.1139695348123683 0.1139695348116085 0.6580913955636913 0.1139695348123319 | 0.01799622751493549
0.1429946401664338 0.2384743646845937 0.1443488665029351 0.4741821286460375 | 0.01969180309262242
0.4741821286458542 0.1429946401665482 0.1443488665032992 0.2384743646842984 | 0.01969180309266106
0.2384743646842464 0.4741821286455784 0.1443488665038495 0.1429946401663257 | 0.01969180309277878
0.2864949113772423 0.1115967035331357 0.1108203324715355 0.4910880526180866 | 0.0200503514292504
0.1115967035330135 0.4910880526179628 0.1108203324717666 0.2864949113772571 | 0.02005035142926104
0.4910880526178663 0.286494911377532 0.1108203324716498 0.111596703532952 | 0.02005035142929472
0.125536113167282 0.1148821967817834 0.2994703853758982 0.4601113046750364 | 0.02164912272125193
0.4601113046750214 0.1255361131668398 0.2994703853761758 0.1148821967819631 | 0.02164912272126182
0.1148821967814947 0.4601113046733321 0.299470385377665 0.1255361131675082 | 0.02164912272129781
0.1968268645044536 0.1968268645044899 0.4095194064864269 0.1968268645046297 | 0.02702858870559996
0.1275456273615645 0.3107744236691848 0.2609901451138755 0.3006898038553752 | 0.02758428230058713
0.3107744236696469 0.3006898038543989 0.2609901451144841 0.1275456273614701 | 0.02758428230059255
0.3006898038549698 0.1275456273614465 0.260990145113821 0.3107744236697628 | 0.02758428230059998
0.296008469913471 0.2960084699134847 0.1119745902596869 0.2960084699133574 | 0.02976459331262114
