--
domain: tetrahedron
order: 15
--
0.02484175292278384 0.008848046489432548 0.9372660613009632 0.02904413928682048 | 0.0003056969967675392
0.008848046489437518 0.02904413928681676 0.9372660613009608 0.02484175292278501 | 0.0003056969967677529
0.02904413928681213 0.02484175292278018 0.9372660613009554 0.008848046489452255 | 0.0003056969967681826
0.003073684779436487 0.2792517608130759 0.007826636168369566 0.7098479182391181 | 0.0004854946815200308
0.709847918239126 0.003073684779447072 0.007826636168374292 0.2792517608130526 | 0.0004854946815204648
0.2792517608130549 0.7098479182391227 0.007826636168374732 0.003073684779447607 | 0.0004854946815205046
0.8851662080559259 0.01941685525440453 0.09225347133747239 0.003163465352197137 | 0.000540231508089061
0.01941685525440571 0.003163465352201491 0.09225347133747905 0.8851662080559137 | 0.0005402315080893089
0.003163465352203353 0.8851662080559214 0.09225347133747011 0.01941685525440515 | 0.0005402315080893216
0.02062270623222065 0.9433792085073393 0.01608597865131358 0.01991210660912655 | 0.0006658073061313105
0.943379208507337 0.01991210660912664 0.01608597865131474 0.0206227062322216 | 0.000665807306131382
0.01991210660912658 0.02062270623222047 0.01608597865131562 0.9433792085073373 | 0.0006658073061313881
0.1095755475481473 0.01464021932495235 0.8630127527658966 0.01277148036100373 | 0.0008580677785378436
0.01277148036100595 0.1095755475481476 0.8630127527658954 0.01464021932495108 | 0.0008580677785378866
0.01464021932495353 0.012771480361006 0.8630127527659015 0.109575547548139 | 0.0008580677785379431
0.01034990660067171 0.7426915834872547 0.01167275911784623 0.2352857507942273 | 0.0008614116841663662
0.2352857507942327 0.01034990660067426 0.0116727591178434 0.7426915834872496 | 0.0008614116841664157
0.7426915834872502 0.2352857507942241 0.01167275911784928 0.01034990660067648 | 0.000861411684166711
0.0133390399676393 0.3718583817617002 0.6057046365583734 0.009097941712287172 | 0.001022857153872907
0.3718583817617083 0.009097941712290891 0.6057046365583626 0.01333903996763819 | 0.00102285715387307
0.009097941712294314 0.01333903996763977 0.6057046365583639 0.3718583817617021 | 0.001022857153873352
0.5249771861414798 0.01367226401253988 0.01029208189692955 0.4510584679490507 | 0.001067732783063372
0.01367226401254362 0.4510584679490587 0.01029208189693136 0.5249771861414664 | 0.001067732783063678
0.4510584679490486 0.5249771861414734 0.01029208189693373 0.01367226401254431 | 0.001067732783063917
0.0745911424654928 0.09342069694332726 0.004110311725985602 0.8278778488651943 | 0.001127475060480442
0.8278778488651856 0.07459114246549663 0.004110311725986349 0.09342069694333147 | 0.001127475060480499
0.0934206969433283 0.8278778488651842 0.004110311725989205 0.07459114246549824 | 0.001127475060480686
0.0122514981411758 0.11081079369917 0.01880574820318091 0.8581319599564733 | 0.001131195261071419
0.1108107936991686 0.8581319599564727 0.01880574820318023 0.01225149814117846 | 0.001131195261071527
0.85813195995647 0.01225149814117781 0.01880574820318224 0.11081079369917 | 0.001131195261071613
0.01511843542458239 0.04765944606068975 0.0750995589695265 0.8621225595452015 | 0.001220520643534932
0.04765944606069021 0.8621225595452037 0.07509955896952418 0.01511843542458198 | 0.001220520643534937
0.8621225595452005 0.01511843542458308 0.0750995589695319 0.04765944606068458 | 0.001220520643535107
0.1361581213833478 0.001922023464433764 0.2260822299666647 0.6358376251855538 | 0.001429872152287352
0.6358376251855543 0.13615812138335 0.2260822299666622 0.001922023464433459 | 0.001429872152287716
0.001922023464443689 0.6358376251855318 0.2260822299666766 0.1361581213833479 | 0.001429872152288791
0.01376037881840447 0.7415160297079681 0.2282126571617323 0.01651093431189504 | 0.001482149442565798
0.741516029707964 0.01651093431189725 0.2282126571617314 0.01376037881840728 | 0.001482149442566192
0.01651093431189804 0.01376037881840719 0.2282126571617405 0.7415160297079542 | 0.001482149442566206
0.5287234935734707 0.3829175522239497 0.08835752618992757 0.000001428012651988331 | 0.00155092314083083
0.000001428012658284353 0.5287234935734723 0.08835752618992139 0.3829175522239481 | 0.001550923140831266
0.382917552223954 0.000001428012662889333 0.0883575261899238 0.5287234935734594 | 0.001550923140831712
0.8603078190745503 0.1006669391238628 0.02182336879483741 0.0172018730067494 | 0.001593499385594808
0.1006669391238637 0.01720187300674862 0.02182336879483792 0.8603078190745498 | 0.001593499385594812
0.01720187300674926 0.8603078190745502 0.0218233687948384 0.1006669391238621 | 0.001593499385594864
0.213749749548486 0.003009152671000964 0.6883673506451037 0.0948737471354093 | 0.001786124981508196
0.003009152671001727 0.09487374713541114 0.6883673506451042 0.2137497495484828 | 0.001786124981508356
0.09487374713541051 0.213749749548485 0.6883673506450955 0.003009152671008986 | 0.001786124981509098
0.01776885891901024 0.5596471440071771 0.4090155222479943 0.01356847482581836 | 0.001793662924059105
0.5596471440071775 0.01356847482581952 0.4090155222479928 0.01776885891901014 | 0.001793662924059139
0.01356847482581988 0.01776885891900956 0.4090155222479974 0.5596471440071731 | 0.001793662924059193
0.5561861612025368 0.07185958939197906 0.3631251266370949 0.008829122768389208 | 0.001923299718752182
0.07185958939199275 0.008829122768390513 0.3631251266370967 0.5561861612025201 | 0.001923299718752746
0.008829122768396735 0.556186161202529 0.3631251266370916 0.07185958939198267 | 0.001923299718753172
0.02153556644467808 0.01948609324379375 0.7368319066698201 0.2221464336417081 | 0.002011193038001121
0.01948609324379522 0.2221464336417116 0.7368319066698122 0.02153556644468091 | 0.002011193038001399
0.2221464336417159 0.02153556644468099 0.736831906669808 0.01948609324379502 | 0.002011193038001518
0.7706018404420292 0.01488093241522564 0.1457507819888409 0.06876644515390423 | 0.002145067125715038
0.01488093241522547 0.06876644515390219 0.1457507819888461 0.7706018404420262 | 0.002145067125715266
0.06876644515390468 0.7706018404420206 0.1457507819888496 0.01488093241522501 | 0.002145067125715382
0.2632140692833737 0.5416447947584936 0.1940096424521396 0.001131493505993147 | 0.002259956184833013
0.5416447947584961 0.001131493505992412 0.1940096424521405 0.263214069283371 | 0.002259956184833064
0.001131493505999361 0.2632140692833789 0.1940096424521402 0.5416447947584815 | 0.002259956184833895
0.5866866785337993 0.3700027679954775 0.01920458791743641 0.02410596555328681 | 0.002502336027424191
0.02410596555328862 0.5866866785337975 0.01920458791743763 0.3700027679954763 | 0.00250233602742444
0.3700027679954874 0.02410596555328817 0.01920458791743828 0.5866866785337862 | 0.002502336027424529
0.1007245253786872 0.007839833208067415 0.681257697378422 0.2101779440348234 | 0.002524144856161971
0.007839833208073724 0.2101779440348198 0.6812576973784202 0.1007245253786863 | 0.002524144856162738
0.2101779440348183 0.1007245253786925 0.6812576973784144 0.007839833208074687 | 0.002524144856163086
0.2678058473170444 0.009653727838177417 0.3203870289323185 0.4021533959124597 | 0.002642042663514365
0.009653727838177781 0.4021533959124907 0.3203870289323026 0.2678058473170289 | 0.002642042663514703
0.4021533959124549 0.2678058473170257 0.3203870289323365 0.009653727838182913 | 0.002642042663516116
0.01871950766556472 0.07877407681846821 0.8174647095402787 0.08504170597568828 | 0.002706105653967578
0.07877407681846901 0.08504170597569094 0.8174647095402758 0.01871950766556418 | 0.002706105653967593
0.08504170597569295 0.01871950766556529 0.8174647095402776 0.07877407681846416 | 0.002706105653967675
0.2289622580755599 0.7059180690514001 0.01703231872933662 0.04808735414370337 | 0.002885552163891226
0.7059180690513981 0.04808735414370217 0.01703231872933689 0.2289622580755628 | 0.002885552163891232
0.04808735414368957 0.2289622580755674 0.01703231872933699 0.7059180690514061 | 0.002885552163891362
0.01343952012215375 0.188978322150464 0.07671766832162848 0.7208644894057537 | 0.002953010108381281
0.1889783221504602 0.7208644894057589 0.07671766832162524 0.01343952012215571 | 0.002953010108381412
0.7208644894057502 0.01343952012215593 0.07671766832162946 0.1889783221504644 | 0.002953010108381639
0.1856695714205305 0.00940743474102812 0.498715106027506 0.3062078878109354 | 0.002983590683044804
0.3062078878109278 0.1856695714205285 0.4987151060275142 0.009407434741029452 | 0.002983590683045283
0.009407434741032658 0.306207887810909 0.4987151060275297 0.1856695714205286 | 0.002983590683046027
0.07134313304985408 0.7168988880207371 0.01586351574919136 0.1958944631802175 | 0.00302772576899869
0.7168988880207331 0.1958944631802114 0.01586351574919187 0.07134313304986359 | 0.003027725768998906
0.1958944631802093 0.07134313304985869 0.01586351574919585 0.7168988880207361 | 0.003027725768999417
0.6081230921397938 0.01132540328384632 0.2960917880883974 0.08445971648796252 | 0.003032163997553845
0.01132540328384961 0.08445971648796122 0.2960917880884005 0.6081230921397887 | 0.003032163997554297
0.08445971648796277 0.6081230921397877 0.2960917880884 0.01132540328384951 | 0.0030321639975545
0.7831901908047053 0.08946628745362917 0.1093980943900156 0.01794542735164988 | 0.003044930460448902
0.01794542735164876 0.7831901908046981 0.1093980943900213 0.08946628745363189 | 0.003044930460448908
0.08946628745363563 0.01794542735165081 0.1093980943900156 0.783190190804698 | 0.003044930460449175
0.5244117804550043 0.2084577994081171 0.01133447823052404 0.2557959419063546 | 0.003177770176097537
0.2084577994081089 0.255795941906351 0.01133447823052516 0.524411780455015 | 0.003177770176097727
0.2557959419063432 0.5244117804550297 0.01133447823052761 0.2084577994080996 | 0.003177770176098164
0.01588261437502311 0.3863456880386881 0.5325804036187812 0.06519129396750756 | 0.00357683467377095
0.06519129396751876 0.0158826143750247 0.5325804036187707 0.3863456880386859 | 0.003576834673771061
0.3863456880386817 0.0651912939675148 0.5325804036187769 0.01588261437502658 | 0.00357683467377161
0.03236911071658531 0.6667349326998179 0.2320665678040404 0.06882938877955636 | 0.003637919636949187
0.06882938877957372 0.03236911071658261 0.2320665678040363 0.6667349326998073 | 0.003637919636949817
0.6667349326998023 0.06882938877957215 0.2320665678040363 0.03236911071658921 | 0.003637919636950729
0.2154208621405496 0.01783785666517354 0.07794412055941285 0.688797160634864 | 0.003783064132578251
0.01783785666517584 0.6887971606348672 0.07794412055941696 0.2154208621405401 | 0.003783064132578551
0.6887971606348626 0.2154208621405385 0.07794412055942193 0.01783785666517695 | 0.003783064132578869
0.4031765079784496 0.01499093171087654 0.5021066311640049 0.07972592914666898 | 0.003894262403078457
0.01499093171087712 0.07972592914667045 0.5021066311640021 0.4031765079784504 | 0.00389426240307858
0.07972592914666891 0.4031765079784464 0.5021066311640048 0.01499093171087995 | 0.003894262403079241
0.1848636811678036 0.6499516355495718 0.0182999648331871 0.1468847184494375 | 0.004070803346596639
0.6499516355495523 0.1468847184494371 0.01829996483318704 0.1848636811678236 | 0.00407080334659724
0.1468847184494266 0.184863681167814 0.01829996483318721 0.6499516355495722 | 0.004070803346597384
0.1804453441648688 0.451820102412822 0.3540241023636928 0.0137104510586164 | 0.004211243246972996
0.01371045105861957 0.1804453441648663 0.3540241023636804 0.4518201024128338 | 0.004211243246973595
0.4518201024128161 0.01371045105861805 0.3540241023636947 0.1804453441648712 | 0.004211243246973616
0.08105206237388583 0.3766532156247404 0.01518945086644218 0.5271052711349316 | 0.00422699916760202
0.5271052711349223 0.08105206237388458 0.01518945086644177 0.3766532156247513 | 0.004226999167602049
0.3766532156247387 0.5271052711349294 0.01518945086644269 0.08105206237388923 | 0.004226999167602123
0.331408497762104 0.1126435977537889 0.0134868064234796 0.5424610980606277 | 0.004273926513753401
0.5424610980606107 0.3314084977621181 0.01348680642347998 0.1126435977537912 | 0.004273926513753788
0.1126435977537936 0.5424610980606109 0.01348680642348059 0.3314084977621148 | 0.004273926513753894
0.5607935139776807 0.01909773271486895 0.06348929065765115 0.3566194626497992 | 0.004308504303089285
0.01909773271486825 0.3566194626497967 0.06348929065765373 0.5607935139776813 | 0.004308504303089388
0.3566194626497901 0.5607935139776836 0.0634892906576574 0.01909773271486892 | 0.004308504303089446
0.07227368768344591 0.2738988990502447 0.6053416400059596 0.04848577326034986 | 0.004392057502532474
0.04848577326034448 0.07227368768344192 0.6053416400059548 0.2738988990502588 | 0.004392057502532598
0.2738988990502546 0.04848577326034462 0.6053416400059433 0.07227368768345743 | 0.004392057502533357
0.3706144545187708 0.01602307963396246 0.1897016601820003 0.4236608056652664 | 0.004492517660341751
0.01602307963396413 0.4236608056652554 0.1897016601819962 0.3706144545187843 | 0.004492517660341976
0.4236608056652498 0.3706144545187751 0.1897016601820099 0.01602307963396518 | 0.004492517660342421
0.07313934036770678 0.06778253195192757 0.7047038738820789 0.1543742537982867 | 0.004579874507811634
0.1543742537982787 0.0731393403677088 0.7047038738820692 0.06778253195194317 | 0.004579874507812269
0.06778253195194402 0.1543742537982604 0.7047038738820758 0.07313934036771974 | 0.004579874507812551
0.2255550687888375 0.3828261323216449 0.01264429188566553 0.3789745070038521 | 0.004599070752114356
0.3828261323216364 0.3789745070038535 0.01264429188566583 0.2255550687888442 | 0.004599070752114688
0.3789745070038492 0.2255550687888252 0.01264429188566767 0.3828261323216579 | 0.004599070752114752
0.01610664762850615 0.1955976722408662 0.504888949609758 0.2834067305208696 | 0.004696109559169662
0.1955976722408699 0.2834067305208563 0.5048889496097685 0.01610664762850533 | 0.004696109559169847
0.2834067305208526 0.01610664762850647 0.5048889496097625 0.1955976722408784 | 0.004696109559170298
0.07394396840975409 0.08972209215481677 0.06088720165051376 0.7754467377849155 | 0.004929877659368443
0.7754467377849116 0.07394396840975978 0.06088720165051331 0.08972209215481533 | 0.004929877659368461
0.08972209215481254 0.7754467377849096 0.06088720165051947 0.07394396840975842 | 0.004929877659368522
0.02198550415554825 0.4522698873067332 0.3656528451019294 0.1600917634357892 | 0.005041142997483998
0.4522698873067705 0.1600917634357737 0.3656528451019036 0.02198550415555212 | 0.005041142997484595
0.1600917634358059 0.02198550415555332 0.3656528451018906 0.4522698873067502 | 0.005041142997485244
0.6425340162574237 0.03023340240085394 0.1777342490770398 0.1494983322646826 | 0.005189814738676072
0.1494983322647011 0.6425340162574126 0.1777342490770339 0.0302334024008524 | 0.005189814738676105
0.03023340240085156 0.1494983322646933 0.1777342490770401 0.642534016257415 | 0.005189814738676132
0.2982386203137134 0.3492984375384283 0.3282766894848435 0.02418625266301483 | 0.005862649637774474
0.02418625266301134 0.2982386203137263 0.3282766894848561 0.3492984375384063 | 0.005862649637775227
0.3492984375384166 0.02418625266301722 0.3282766894848335 0.2982386203137327 | 0.005862649637775519
0.02492578585848872 0.5613484323473249 0.1898351044830521 0.2238906773111343 | 0.006019356842665673
0.2238906773111161 0.02492578585848644 0.1898351044830608 0.5613484323473367 | 0.006019356842665738
0.5613484323473145 0.22389067731113 0.1898351044830645 0.02492578585849109 | 0.006019356842666802
0.1769461529053036 0.05090872345953187 0.6068946490861404 0.1652504745490241 | 0.006664241269270311
0.1652504745490214 0.1769461529053149 0.6068946490861201 0.05090872345954356 | 0.006664241269270803
0.05090872345953583 0.1652504745490102 0.6068946490861318 0.1769461529053222 | 0.006664241269271095
0.267326785868413 0.09253312310838845 0.162728234374953 0.4774118566482455 | 0.006924716651495637
0.09253312310841946 0.4774118566482484 0.1627282343749322 0.2673267858684 | 0.006924716651498002
0.4774118566482272 0.2673267858684251 0.162728234374927 0.09253312310842074 | 0.006924716651498908
0.6324086041104882 0.194821777558372 0.07976498347271095 0.09300463485842884 | 0.007133321868983811
0.09300463485842678 0.6324086041104942 0.0797649834727117 0.1948217775583673 | 0.007133321868984118
0.1948217775583615 0.09300463485842231 0.07976498347272819 0.632408604110488 | 0.007133321868984706
0.1286081121536503 0.06206882668877994 0.5069361346327252 0.3023869265248444 | 0.007223589048729577
0.3023869265248393 0.1286081121536543 0.5069361346327149 0.06206882668879155 | 0.007223589048730604
0.06206882668879442 0.3023869265248427 0.5069361346327274 0.1286081121536355 | 0.007223589048730717
0.0670060501118351 0.07446918750056565 0.362874044201665 0.4956507181859342 | 0.0076065288605441
0.4956507181859352 0.06700605011182939 0.3628740442016639 0.07446918750057152 | 0.007606528860544255
0.07446918750057789 0.4956507181859199 0.3628740442016637 0.06700605011183852 | 0.007606528860544914
0.04935190074328522 0.3139246227522204 0.1497252367121568 0.4869982397923375 | 0.00784520802719414
0.3139246227522261 0.4869982397923315 0.1497252367121615 0.04935190074328091 | 0.007845208027194517
0.4869982397923459 0.04935190074327669 0.149725236712158 0.3139246227522194 | 0.007845208027194631
0.1083529025389752 0.08656298623704123 0.1758982241285937 0.6291858870953898 | 0.008031659876681006
0.629185887095386 0.1083529025389925 0.1758982241285794 0.08656298623704209 | 0.008031659876681413
0.08656298623703901 0.629185887095383 0.1758982241285948 0.1083529025389832 | 0.008031659876682378
0.4947915054658847 0.3668061114674768 0.0797762381765776 0.05862614489006095 | 0.008072813858538199
0.05862614489007139 0.4947915054658749 0.07977623817658046 0.3668061114674733 | 0.00807281385853882
0.3668061114674683 0.05862614489007745 0.07977623817658072 0.4947915054658735 | 0.00807281385853888
0.6107564898848346 0.09155687274905353 0.08682921283620239 0.2108574245299095 | 0.008390149171535615
0.2108574245299135 0.6107564898848316 0.0868292128362 0.09155687274905493 | 0.008390149171536085
0.09155687274905454 0.2108574245299094 0.08682921283620657 0.6107564898848294 | 0.008390149171536607
0.27189840912706 0.2718984091270191 0.1843047726189553 0.2718984091269656 | 0.00907033305470961
0.08364528610473303 0.4598959913496589 0.2836943220226789 0.1727644005229292 | 0.009220976407669668
0.4598959913496499 0.1727644005229201 0.2836943220226703 0.08364528610475974 | 0.00922097640767155
0.1727644005229245 0.0836452861047611 0.2836943220226696 0.4598959913496448 | 0.00922097640767167
0.220307180915872 0.2203071809158613 0.3390784572525623 0.2203071809157044 | 0.009410980595668464
0.4498492745599813 0.1402964159526019 0.06810558755187382 0.3417487219355428 | 0.00982302304621952
0.3417487219355564 0.4498492745599653 0.0681055875518764 0.1402964159526019 | 0.009823023046219964
0.1402964159526053 0.3417487219355464 0.06810558755187403 0.4498492745599743 | 0.00982302304622013
0.4796245561760771 0.06988987460087778 0.2572931400794461 0.193192429143599 | 0.01000805918911805
0.1931924291436032 0.4796245561760668 0.2572931400794509 0.06988987460087914 | 0.01000805918911809
0.06988987460089365 0.1931924291436036 0.2572931400794577 0.479624556176045 | 0.01000805918912071
0.4819852013641325 0.2605590256904803 0.06519355736441289 0.1922622155809742 | 0.01008084911055904
0.260559025690468 0.1922622155809665 0.06519355736441458 0.481985201364151 | 0.01008084911055905
0.1922622155809799 0.481985201364128 0.06519355736441629 0.2605590256904758 | 0.01008084911055952
0.09109001795840514 0.343030573977829 0.2354338687541656 0.3304455393096003 | 0.01014728880161914
0.3304455393096081 0.09109001795841783 0.2354338687541547 0.3430305739778192 | 0.01014728880161932
0.343030573977809 0.3304455393095925 0.2354338687541694 0.09109001795842916 | 0.01014728880162128
0.08624240167701186 0.1525520261883117 0.4323311285083857 0.3288744436262907 | 0.01085611465241084
0.3288744436262873 0.0862424016770105 0.4323311285083789 0.1525520261883234 | 0.01085611465241102
0.1525520261883389 0.3288744436262735 0.4323311285083771 0.08624240167701047 | 0.01085611465241139
0.3337847727363109 0.3372700741462638 0.1536568898623008 0.1752882632551245 | 0.01096256609141757
0.3372700741462386 0.1752882632551174 0.1536568898623003 0.3337847727363437 | 0.0109625660914211
0.1752882632551262 0.333784772736308 0.1536568898623202 0.3372700741462455 | 0.01096256609142445
0.3113177461109946 0.3113177461109871 0.06604676166701309 0.3113177461110053 | 0.01124830065119754
0.2898527003164425 0.2359060680311884 0.3891009454304513 0.08514028622191777 | 0.01133531439294629
0.2359060680311902 0.08514028622192746 0.3891009454304601 0.2898527003164222 | 0.01133531439294871
0.0851402862219274 0.2898527003164147 0.38910094543047 0.2359060680311879 | 0.01133531439294929
0.1915586123296988 0.4738597830753307 0.1624688668332693 0.1721127377617013 | 0.01145767025398285
0.4738597830753175 0.1721127377617093 0.1624688668332666 0.1915586123297066 | 0.01145767025398439
0.1721127377617219 0.1915586123296906 0.1624688668332857 0.4738597830753017 | 0.01145767025398631
0.343066772448071 0.1725513660667974 0.2910280425505992 0.1933538189345324 | 0.01229675142111412
0.1933538189344859 0.3430667724481031 0.2910280425505916 0.1725513660668194 | 0.01229675142111414
0.1725513660668472 0.1933538189345398 0.2910280425506466 0.3430667724479664 | 0.01229675142112366
0.1627284320161738 0.1627284320161655 0.5118147039514781 0.1627284320161825 | 0.01444493731864532
