--
domain: tetrahedron
order: 7
--
0.3274602848448773 0.001996825818299818 0.01920799348858535 0.6513348958482376 | 0.007708181162000487
0.00044998531308104717 0.06092218458545083 0.3234568417895977 0.6151709883118704 | 0.012003792188219863
0.3040835837400584 0.0005004334442718418 0.6355215105837613 0.0598944722319085 | 0.01251410745432063
0.05076435592486117 0.6279832293585974 0.293770036523707 0.02748237819283441 | 0.01670200106364489
0.8286700644885662 0.05213668905801093 0.06201109193664409 0.05718215451677883 | 0.01805707748415785
0.05878587154467074 0.8245440666953954 0.05989419506998693 0.05677586668994691 | 0.0192028117961788
0.057529213587559025 0.062815072845237 0.8207453007415948 0.05891041282560915 | 0.02059034863228054
0.06221312024835901 0.6315484739180046 0.02583316773173042 0.280405238101906 | 0.02071208216376285
0.5355285199885618 0.001613532619990097 0.1991105720528834 0.2637473753385648 | 0.0208727051617902
0.046026884985508 0.3196583760970118 0.5991009436200256 0.03521379529745457 | 0.0210927658418785
0.00011228163038001782 0.5508889781422127 0.2234702025301428 0.2255285376972644 | 0.02218031917521178
0.403697328617046 0.3505284068372833 0.003929651487087849 0.2418446130585829 | 0.02234867148258417
0.18901894075832704 0.2307849002376704 0.01403308447330531 0.5661630745306973 | 0.02241136539539131
0.06068399158005078 0.063969430325799 0.06247402252315021 0.812872555571 | 0.02321680932786219
0.027286230467786776 0.3239480709891824 0.0624444127129091 0.5863212858301218 | 0.0232909869573198
0.019893896904518926 0.2343964973359623 0.528711306413653 0.2169982993458658 | 0.02456242988597322
0.3764000494270888 0.3501153045071709 0.2615087691765827 0.01197587688915757 | 0.027329914317646427
0.6267123878514409 0.2753098106871322 0.05300013833454678 0.04497766312688006 | 0.028061178313933073
0.6157912949870018 0.0762414702839689 0.03316569983103569 0.2748015348979936 | 0.02831278761193254
0.15239632604021458 0.02253298349383202 0.2604205879982621 0.5646501024676913 | 0.028796283595234576
0.0635521200960385 0.04463026790663657 0.6018235776318118 0.2899940343655131 | 0.03141112745549963
0.2931235478457339 0.5990192398798975 0.0528776293788545 0.05497958289551413 | 0.03379586530275098
0.5865542176163221 0.0680111048992614 0.2977852343835241 0.04764944310089234 | 0.03693580911143848
0.2485587322284052 0.1572418559860032 0.5504559416248597 0.04374347016073189 | 0.04183853160760037
0.15867168717534863 0.5003786698498154 0.2582805473674438 0.08266909560739215 | 0.04299116196398071
0.14191543727761347 0.2898612819086906 0.3971744029949173 0.1710488778187786 | 0.05278166565355366
0.3054372740505886 0.1112511334269427 0.1074624307831534 0.4758491617393153 | 0.060301515591209706
0.2708715509466031 0.07400870213911578 0.4103580959949396 0.2447616509193416 | 0.06418883893545987
0.08157576977067615 0.2175544442163533 0.2521305306293954 0.4487392553835752 | 0.06671120716573174
0.17628425116957258 0.4372480897645487 0.1098959763270211 0.2765716827388576 | 0.06673948942088066
0.42898304417109623 0.2188126225475045 0.176438223014948 0.1757661102664513 | 0.08233816878056982
