--
domain: tetrahedron
order: 10
--
0.00484488952792117 0.004844889527768171 0.004844889527573282 0.9854653314167374 | 0.00038191631629907997
0.038545565697390094 0.946719848292354 0.006667080448351054 0.00806750556190488 | 0.0007900991147457261
0.9467198482921867 0.006667080448658992 0.03854556569737443 0.008067505561779886 | 0.000790099114751852
0.006667080448493734 0.0385455656974801 0.9467198482918522 0.008067505562173938 | 0.0007900991147566522
0.10359366024744554 0.00382689193302969 0.8740251327651677 0.01855431505435714 | 0.0016925658391446852
0.8740251327646165 0.1035936602480028 0.003826891933043923 0.01855431505433685 | 0.001692565839147159
0.00382689193316732 0.8740251327649323 0.1035936602475548 0.01855431505434555 | 0.001692565839155852
0.32998418756334813 0.01735404744568466 0.6202583012900509 0.0324034637009163 | 0.006139154239825478
0.01735404744577207 0.6202583012898868 0.3299841875634282 0.03240346370091293 | 0.006139154239845127
0.6202583012895788 0.3299841875637114 0.01735404744578351 0.03240346370092632 | 0.006139154239847759
0.030701960870726186 0.03118131875220204 0.1266394908785819 0.8114772294984899 | 0.006620345902485029
0.031181318752238063 0.1266394908788713 0.03070196087069638 0.8114772294981942 | 0.006620345902488164
0.12663949087907322 0.03070196087074504 0.03118131875221086 0.8114772294979709 | 0.006620345902492523
0.1511645720813003 0.7805722458243883 0.03518958226876812 0.03307359982554328 | 0.00698496100499754
0.7805722458240746 0.03518958226870847 0.1511645720816399 0.03307359982557704 | 0.006984961005002381
0.03518958226875857 0.1511645720815177 0.7805722458241509 0.03307359982557292 | 0.006984961005003631
0.032205286417712586 0.8149022829407979 0.03351563550542005 0.1193767951360695 | 0.007148771454639654
0.8149022829409927 0.03351563550541749 0.03220528641772838 0.1193767951358615 | 0.007148771454641869
0.03351563550544778 0.03220528641771444 0.8149022829405032 0.1193767951363346 | 0.007148771454646739
0.2521408658431459 0.5596600888554596 0.1807602495702272 0.007438795731167321 | 0.008212047324810415
0.5596600888554233 0.1807602495700562 0.2521408658433209 0.007438795731199615 | 0.008212047324821453
0.18076024957004944 0.2521408658430335 0.5596600888557026 0.007438795731214367 | 0.008212047324823316
0.5860145555271173 0.03029393775770431 0.3510309266619137 0.03266058005326467 | 0.009137979936199884
0.030293937757686518 0.3510309266617719 0.5860145555272518 0.03266058005328976 | 0.00913797993620436
0.35103092666152913 0.5860145555274775 0.03029393775772133 0.03266058005327201 | 0.009137979936209432
0.03298405998765874 0.03114461249008678 0.5992738011392268 0.3365975263830276 | 0.01017498609134363
0.5992738011397303 0.03298405998767925 0.03114461249007869 0.3365975263825117 | 0.01017498609134559
0.031144612490100476 0.5992738011395161 0.03298405998767671 0.3365975263827067 | 0.01017498609135072
0.41370112844959117 0.01267643164854561 0.1645472158899154 0.4090752240119478 | 0.01124219135089412
0.012676431648548148 0.1645472158900111 0.4137011284494345 0.4090752240120063 | 0.01124219135090164
0.16454721589004118 0.4137011284495361 0.01267643164855134 0.4090752240118714 | 0.0112421913509066
0.3379489198266221 0.03573908441154557 0.03377912559111834 0.592532870170714 | 0.01139221858501813
0.033779125591133274 0.3379489198264275 0.03573908441154142 0.5925328701708977 | 0.01139221858502278
0.03573908441154283 0.03377912559113959 0.3379489198260952 0.5925328701712224 | 0.01139221858502423
0.13365994953246907 0.1336599495323923 0.1336599495326111 0.5990201514025275 | 0.01141697336749778
0.166959769317101 0.1669597693172063 0.1669597693175803 0.4991206920481123 | 0.01175510589206867
0.1772143730726784 0.0122804285624344 0.4126008361791699 0.3979043621857173 | 0.011816963188911372
0.41260083617922017 0.1772143730727422 0.01228042856244396 0.3979043621855937 | 0.011816963188919838
0.012280428562525425 0.4126008361792021 0.1772143730727065 0.3979043621855659 | 0.011816963188951968
0.4908953467606625 0.3696126448561478 0.1145379863160246 0.02495402206716512 | 0.01238796466594707
0.3696126448559234 0.1145379863158415 0.4908953467609971 0.02495402206723796 | 0.01238796466597009
0.11453798631599021 0.4908953467605529 0.369612644856217 0.0249540220672398 | 0.012387964665973451
0.15026879025161544 0.08302494688196357 0.7282094809974271 0.03849678186899388 | 0.012503479000284992
0.08302494688218065 0.7282094809970688 0.1502687902517552 0.03849678186899534 | 0.012503479000291709
0.7282094809971636 0.1502687902517038 0.08302494688216776 0.03849678186896475 | 0.01250347900029996
0.4174762518709597 0.01680959146959896 0.4043770144883662 0.1613371421710751 | 0.012568115906219358
0.4043770144883623 0.417476251870908 0.01680959146964861 0.1613371421710812 | 0.01256811590623869
0.016809591469660767 0.4043770144883684 0.4174762518708103 0.1613371421711606 | 0.012568115906251651
0.023097258775537255 0.1696138475604023 0.6339280343903018 0.1733608592737587 | 0.01314851816663448
0.6339280343903171 0.02309725877555648 0.1696138475603947 0.1733608592737318 | 0.01314851816663657
0.16961384756041298 0.6339280343903569 0.0230972587755699 0.1733608592736602 | 0.013148518166644068
0.17701835101896712 0.02434102832026448 0.6335875653142609 0.1650530553465075 | 0.01370670468173037
0.6335875653144049 0.1770183510189467 0.02434102832027353 0.1650530553463749 | 0.01370670468173512
0.02434102832028473 0.6335875653143981 0.1770183510189177 0.1650530553463994 | 0.01370670468173877
0.17579960724932753 0.02935511686037216 0.1740037654545786 0.6208415104357218 | 0.01666442945505318
0.029355116860380726 0.1740037654546278 0.1757996072492151 0.6208415104357764 | 0.01666442945505708
0.17400376545463803 0.1757996072493023 0.02935511686041814 0.6208415104356415 | 0.01666442945507699
0.11904473103920798 0.1121243864649791 0.5325889236500517 0.2362419588457611 | 0.02067059333601017
0.5325889236499957 0.1190447310392825 0.112124386465023 0.2362419588456988 | 0.0206705933360491
0.11212438646512746 0.5325889236499357 0.119044731039276 0.2362419588456608 | 0.02067059333605243
0.2986350897893064 0.1193225934917416 0.4534859243589937 0.1285563923599583 | 0.025407075851151886
0.4534859243589846 0.2986350897893351 0.119322593491917 0.1285563923597633 | 0.025407075851157042
0.11932259349189378 0.4534859243587895 0.298635089789364 0.1285563923599528 | 0.025407075851163856
0.06662644225741865 0.3020019073266451 0.3283455214738413 0.3030261289420949 | 0.02682694483770256
0.3020019073269148 0.3283455214738281 0.0666264422574022 0.3030261289418549 | 0.02682694483770887
0.3283455214738651 0.06662644225731254 0.3020019073267441 0.3030261289420782 | 0.02682694483771208
0.24416971105589558 0.5159168166142745 0.1324670107447715 0.1074464615850585 | 0.02732329919496712
0.5159168166142998 0.1324670107446421 0.244169711055904 0.1074464615851541 | 0.02732329919497055
0.13246701074470202 0.2441697110556646 0.5159168166144414 0.1074464615851919 | 0.027323299194980215
0.3182062008204547 0.318206200820324 0.3182062008205924 0.04538139753862875 | 0.027911567688224115
0.1286811682481861 0.1207131116358087 0.3395130626211381 0.4110926574948671 | 0.02809256245491682
0.1207131116360094 0.3395130626209017 0.1286811682481305 0.4110926574949583 | 0.02809256245494129
0.3395130626209397 0.1286811682481935 0.1207131116358556 0.4110926574950111 | 0.02809256245494643
0.2570719807625589 0.2570719807624278 0.2570719807625507 0.2287840577124626 | 0.04657852198441921
