--
domain: tetrahedron
order: 13
--
0.010345107256600317 0.01034510725658796 0.01034510725652366 0.9689646782302881 | 0.0002480594675168803
0.019568963774224013 0.9412811493523093 0.008913012362466612 0.03023687451099998 | 0.000650491962223052
0.9412811493522701 0.008913012362483565 0.01956896377423934 0.03023687451100695 | 0.000650491962224175
0.00891301236248676 0.01956896377427091 0.9412811493522358 0.03023687451100657 | 0.0006504919622251082
0.08145578260857789 0.008603145262962948 0.8844920682248393 0.02544900390361993 | 0.001290974956953882
0.8844920682247935 0.08145578260860413 0.008603145262975986 0.02544900390362636 | 0.001290974956955246
0.00860314526298922 0.8844920682247885 0.08145578260858234 0.02544900390363992 | 0.001290974956956647
0.033613145330265604 0.07915594917543556 0.87881874683591 0.008412158658388869 | 0.001340851547869289
0.8788187468359483 0.03361314533024481 0.07915594917539193 0.008412158658414975 | 0.001340851547870439
0.07915594917538327 0.8788187468359566 0.03361314533023658 0.008412158658423473 | 0.001340851547871066
0.6912849146604692 0.02072452926120901 0.2820938675417852 0.005896688536536578 | 0.001431208149429356
0.28209386754171417 0.6912849146605238 0.02072452926121111 0.005896688536550856 | 0.001431208149430814
0.020724529261207714 0.282093867541703 0.691284914660533 0.005896688536556295 | 0.001431208149431119
0.02924256672275516 0.660612504418027 0.00423850950551799 0.3059064193536999 | 0.002016789985488527
0.6606125044180047 0.004238509505525088 0.02924256672275331 0.305906419353717 | 0.00201678998548882
0.004238509505534727 0.02924256672275465 0.660612504417956 0.3059064193537546 | 0.002016789985490143
0.01115506574633851 0.8108726651448125 0.03145181004767937 0.1465204590611696 | 0.002088390612147266
0.03145181004765074 0.01115506574634481 0.8108726651448392 0.1465204590611652 | 0.002088390612147368
0.8108726651448429 0.03145181004765925 0.01115506574634996 0.1465204590611479 | 0.002088390612148554
0.8180261621943385 0.01337142894352578 0.0611452791183259 0.1074571297438097 | 0.002130735544378634
0.013371428943557362 0.06114527911829663 0.8180261621942968 0.1074571297438493 | 0.00213073554438061
0.06114527911823009 0.8180261621944124 0.01337142894356406 0.1074571297437935 | 0.002130735544381179
0.2688428517681659 0.007414460977235957 0.6955288748491347 0.02821381240546334 | 0.002136503704822046
0.007414460977240522 0.6955288748491215 0.268842851768176 0.02821381240546195 | 0.002136503704822481
0.695528874849117 0.2688428517681751 0.007414460977257575 0.02821381240545042 | 0.002136503704823818
0.44641469996263705 0.02477429690597821 0.007482222177392445 0.5213287809539923 | 0.002214867394998551
0.024774296905962556 0.007482222177401224 0.4464146999625711 0.5213287809540651 | 0.0022148673949988
0.007482222177408238 0.4464146999626367 0.02477429690598193 0.5213287809539731 | 0.002214867395000742
0.022700850111781357 0.02112965969938043 0.09035183340349828 0.86581765678534 | 0.00222704248813359
0.021129659699392622 0.09035183340359541 0.02270085011179018 0.8658176567852218 | 0.002227042488135406
0.09035183340362252 0.02270085011179335 0.0211296596993924 0.8658176567851917 | 0.002227042488135766
0.07584422591768003 0.3417930742320212 0.002594165265187326 0.5797685345851115 | 0.002412787372148824
0.34179307423203176 0.002594165265210041 0.07584422591768267 0.5797685345850755 | 0.002412787372151328
0.0025941652652180514 0.07584422591769545 0.3417930742320845 0.579768534585002 | 0.002412787372153638
0.015830634350883943 0.4847746571587412 0.4810641377028125 0.01833057078756236 | 0.002492611378149027
0.48477465715875434 0.4810641377027924 0.01583063435090152 0.01833057078755179 | 0.002492611378150218
0.4810641377027569 0.0158306343508983 0.4847746571587827 0.01833057078756206 | 0.002492611378150285
0.12082870476914753 0.1676137196659997 0.7086431089234964 0.002914466641356441 | 0.002560191587547936
0.1676137196659354 0.7086431089235703 0.1208287047691087 0.002914466641385641 | 0.002560191587551527
0.7086431089235263 0.1208287047691088 0.1676137196659543 0.002914466641410491 | 0.00256019158755455
0.1682276257037404 0.05182981415363299 0.7671835222425682 0.01275903790005842 | 0.002718142703234164
0.05182981415363408 0.767183522242537 0.1682276257037641 0.01275903790006475 | 0.002718142703234617
0.7671835222425427 0.1682276257037143 0.05182981415365493 0.01275903790008807 | 0.002718142703237677
0.018150246091703015 0.1603808640957398 0.780025722472745 0.04144316733981209 | 0.003110144144971738
0.7800257224726915 0.01815024609171124 0.1603808640958211 0.04144316733977616 | 0.0031101441449719654
0.16038086409578178 0.7800257224727031 0.0181502460917103 0.04144316733980475 | 0.0031101441449724286
0.1374503947967347 0.001030437977338548 0.3006497694477112 0.5608693977782155 | 0.003205036237160009
0.0010304379773615757 0.3006497694476872 0.1374503947967453 0.560869397778206 | 0.003205036237163785
0.3006497694476461 0.1374503947967274 0.00103043797737723 0.5608693977782493 | 0.0032050362371666124
0.07763792076799603 0.009571364698298758 0.6068954673005267 0.3058952472331785 | 0.00393054515240341
0.009571364698317542 0.6068954673005383 0.07763792076797839 0.3058952472331658 | 0.003930545152406018
0.6068954673005635 0.07763792076798627 0.009571364698318083 0.3058952472331321 | 0.003930545152406475
0.022163938027892405 0.2359081252750476 0.02712491103418074 0.7148030256628792 | 0.003971541178919466
0.23590812527506577 0.02712491103418163 0.02216393802789915 0.7148030256628535 | 0.003971541178920297
0.027124911034182908 0.02216393802790523 0.2359081252749586 0.7148030256629532 | 0.003971541178922642
0.0790253890180963 0.5611854641624137 0.3497758718670665 0.01001327495242358 | 0.004142773176415053
0.34977587186700765 0.07902538901810821 0.5611854641624555 0.01001327495242865 | 0.004142773176415798
0.5611854641624485 0.3497758718669661 0.0790253890181477 0.01001327495243759 | 0.004142773176419249
0.1561915341626271 0.01201591051800159 0.7035601418166272 0.1282324135027442 | 0.004510424642995273
0.703560141816573 0.1561915341626666 0.01201591051801169 0.1282324135027487 | 0.004510424642999121
0.01201591051801476 0.7035601418165589 0.1561915341626685 0.1282324135027578 | 0.004510424642999344
0.6619834174744789 0.01227254816726416 0.1520983651999485 0.1736456691583085 | 0.004638629681744651
0.012272548167282515 0.1520983651998947 0.6619834174744651 0.1736456691583576 | 0.004638629681748835
0.15209836519989306 0.6619834174745407 0.01227254816727948 0.1736456691582867 | 0.00463862968174892
0.27207744154271174 0.009608952348337692 0.5009662598450281 0.2173473462639225 | 0.004760728826715785
0.009608952348347355 0.5009662598449669 0.2720774415427657 0.21734734626392 | 0.004760728826718033
0.5009662598449435 0.2720774415427986 0.009608952348355002 0.2173473462639029 | 0.004760728826718926
0.01515715824748054 0.117142028395487 0.1306252415276769 0.7370755718293556 | 0.004801572278215449
0.13062524152767696 0.01515715824748938 0.1171420283955028 0.7370755718293308 | 0.00480157227821793
0.11714202839548105 0.1306252415276693 0.01515715824751321 0.7370755718293365 | 0.004801572278222341
0.030670867576085503 0.06596911170718446 0.4869178929175357 0.4164421277991943 | 0.004886855150821356
0.4869178929174428 0.03067086757606238 0.06596911170715442 0.4164421277993404 | 0.004886855150822266
0.06596911170719277 0.4869178929174335 0.03067086757608414 0.4164421277992895 | 0.004886855150829719
0.0863975719064306 0.06180743725428443 0.7796220928971531 0.07217289794213186 | 0.005527674674459776
0.7796220928970998 0.08639757190638243 0.06180743725431112 0.07217289794220663 | 0.00552767467446142
0.06180743725433979 0.7796220928970106 0.08639757190646453 0.07217289794218502 | 0.005527674674463838
0.4064341617117124 0.2124417592665611 0.3704425559581763 0.01068152306355014 | 0.005590238647201325
0.3704425559580835 0.4064341617117311 0.2124417592666155 0.01068152306356992 | 0.005590238647206236
0.21244175926654563 0.3704425559580568 0.4064341617118274 0.01068152306357016 | 0.005590238647206961
0.5845522419355895 0.01757754194097423 0.3170690280570044 0.0808011880664319 | 0.005632805402396634
0.01757754194097283 0.3170690280569446 0.5845522419356186 0.08080118806646398 | 0.005632805402396995
0.31706902805700343 0.584552241935574 0.017577541940982 0.0808011880664406 | 0.005632805402398852
0.15903422346595253 0.4819714524309398 0.01756230923632635 0.3414320148667813 | 0.006766622541764132
0.017562309236336615 0.1590342234659364 0.4819714524309074 0.3414320148668196 | 0.006766622541766571
0.4819714524309312 0.01756230923633349 0.1590342234659289 0.3414320148668064 | 0.00676662254176676
0.547115266351174 0.08902566699068729 0.3386042162630997 0.02525485039503888 | 0.006935147143899733
0.08902566699065706 0.3386042162631206 0.5471152663511726 0.02525485039504986 | 0.006935147143900422
0.33860421626311654 0.5471152663511358 0.08902566699071175 0.02525485039503578 | 0.006935147143901513
0.08291452043293879 0.05285544098330982 0.4000979296301265 0.4641321089536249 | 0.007067246329643166
0.052855440983364366 0.4000979296298913 0.0829145204330444 0.4641321089536999 | 0.007067246329654152
0.400097929630008 0.08291452043303993 0.05285544098335554 0.4641321089535966 | 0.007067246329660336
0.30908600949137466 0.01782606090077854 0.2874706358928882 0.3856172937149586 | 0.007583310463113181
0.01782606090077754 0.2874706358928806 0.3090860094913717 0.3856172937149701 | 0.007583310463114
0.2874706358928818 0.3090860094913699 0.01782606090078187 0.3856172937149664 | 0.007583310463114458
0.5054323769913622 0.3710934105995327 0.02657234084597485 0.09690187156313018 | 0.00785916073165506
0.3710934105995328 0.02657234084597537 0.5054323769913355 0.09690187156315631 | 0.00785916073165542
0.026572340845978037 0.5054323769913123 0.371093410599567 0.09690187156314264 | 0.007859160731656363
0.4451694792331493 0.02148831270206694 0.3206072988650484 0.2127349091997354 | 0.00829497134333823
0.3206072988650036 0.4451694792332048 0.02148831270207087 0.2127349091997207 | 0.008294971343338606
0.021488312702074408 0.3206072988650124 0.445169479233177 0.2127349091997361 | 0.008294971343339612
0.0951170007288864 0.0951170007288927 0.0951170007290063 0.7146489978132146 | 0.008631390479076347
0.4404329164120714 0.1735802358450919 0.02890436352483536 0.3570824842180014 | 0.009141350634070546
0.02890436352486203 0.4404329164120814 0.1735802358450641 0.3570824842179925 | 0.009141350634079419
0.17358023584508941 0.02890436352488776 0.4404329164119998 0.357082484218023 | 0.009141350634087499
0.23031700528567434 0.08023850116226482 0.6174866483249893 0.07195784522707145 | 0.009320328536744166
0.0802385011622958 0.6174866483249148 0.2303170052857254 0.0719578452270639 | 0.009320328536746404
0.6174866483249095 0.2303170052856326 0.08023850116232735 0.07195784522713053 | 0.009320328536752947
0.6596374999552332 0.09452881219751588 0.1751776752009559 0.07065601264629488 | 0.009471371720718021
0.09452881219754361 0.1751776752009207 0.6596374999553175 0.07065601264621812 | 0.009471371720719352
0.17517767520097838 0.6596374999552117 0.09452881219755312 0.0706560126462567 | 0.009471371720719423
0.6384747189831731 0.06541766890798655 0.0754347492130809 0.2206728628957595 | 0.009658673209736351
0.07543474921306292 0.6384747189831496 0.0654176689080234 0.2206728628957641 | 0.009658673209738493
0.06541766890804968 0.07543474921303878 0.6384747189831916 0.22067286289572 | 0.009658673209738526
0.20096060067442112 0.5321359768315169 0.2362423058619533 0.03066111663210869 | 0.01008129683578955
0.5321359768314986 0.2362423058618978 0.2009606006744852 0.03066111663211837 | 0.01008129683579076
0.23624230586190487 0.200960600674406 0.5321359768315502 0.03066111663213887 | 0.01008129683579227
0.06566065089490736 0.2434135622407882 0.1003198536332518 0.5906059332310526 | 0.01065871747742306
0.24341356224076693 0.1003198536332653 0.06566065089495007 0.5906059332310177 | 0.01065871747743018
0.1003198536333203 0.06566065089490132 0.2434135622409514 0.590605933230827 | 0.01065871747743694
0.2614198078675618 0.03545951407500253 0.1645691312152424 0.5385515468421933 | 0.01085243167679074
0.16456913121521577 0.2614198078675792 0.03545951407500569 0.5385515468421994 | 0.010852431676792
0.03545951407501513 0.1645691312152262 0.2614198078675275 0.5385515468422312 | 0.01085243167679318
0.5333277309204215 0.078850996951403 0.2214791068336956 0.1663421652944799 | 0.01146275018831309
0.2214791068336608 0.5333277309204181 0.07885099695144153 0.1663421652944797 | 0.01146275018831698
0.07885099695144504 0.2214791068336244 0.533327730920471 0.1663421652944595 | 0.01146275018832084
0.18278164175324463 0.0773186488433034 0.5438135338904002 0.1960861755130517 | 0.012764679941297031
0.5438135338903473 0.1827816417531721 0.0773186488433082 0.1960861755131724 | 0.012764679941299439
0.07731864884333584 0.5438135338903273 0.1827816417532548 0.1960861755130822 | 0.01276467994130476
0.1668632870415807 0.1668632870416709 0.1668632870415595 0.4994101388751889 | 0.01404013668370559
0.39875744314116635 0.1227490628669584 0.3909296074394038 0.08756388655247146 | 0.015360697127489699
0.3909296074393994 0.3987574431411315 0.1227490628669686 0.0875638865525005 | 0.015360697127492
0.12274906286697373 0.3909296074393537 0.3987574431411711 0.08756388655250151 | 0.015360697127492152
0.10243087892291491 0.276668775818374 0.2188997970179869 0.4020005482407241 | 0.01542681751246374
0.2766687758184172 0.2188997970179731 0.1024308789229114 0.4020005482406983 | 0.01542681751246688
0.21889979701801676 0.1024308789229648 0.2766687758182949 0.4020005482407235 | 0.01542681751246816
0.30955501834310095 0.3095550183430513 0.3095550183430962 0.07133494497075156 | 0.01700568262347133
0.35894300107720434 0.3138415213429039 0.09663461813535858 0.2305808594445332 | 0.01777013133272348
0.09663461813536589 0.3589430010771437 0.3138415213429264 0.230580859444564 | 0.01777013133272481
0.31384152134290433 0.09663461813536428 0.3589430010771935 0.2305808594445379 | 0.01777013133272617
0.21083715440543238 0.4418055888803888 0.2069223626302676 0.1404348940839113 | 0.01870056597068023
0.20692236263025576 0.210837154405392 0.4418055888803925 0.1404348940839597 | 0.01870056597068039
0.4418055888804041 0.206922362630213 0.2108371544054255 0.1404348940839574 | 0.01870056597068342
0.40021279496232065 0.1108495022995848 0.1626179922026075 0.3263197105354871 | 0.01982019940924874
0.1626179922026164 0.4002127949623002 0.1108495022995989 0.3263197105354845 | 0.01982019940925496
0.11084950229960333 0.1626179922025704 0.4002127949623043 0.326319710535522 | 0.01982019940925693
0.25055888693956174 0.2505588869395824 0.2505588869395491 0.2483233391813068 | 0.02582364461938367
