--
domain: tetrahedron
order: 10
--
0.004844889527768171 0.004844889527573282 0.9854653314167374 0.00484488952792117 | 0.00038191631629908
0.946719848292354 0.006667080448351054 0.00806750556190488 0.03854556569739006 | 0.0007900991147457261
0.006667080448658992 0.03854556569737443 0.008067505561779886 0.9467198482921866 | 0.000790099114751852
0.0385455656974801 0.9467198482918522 0.008067505562173938 0.006667080448493744 | 0.0007900991147566522
0.00382689193302969 0.8740251327651677 0.01855431505435714 0.1035936602474455 | 0.001692565839144685
0.1035936602480028 0.003826891933043923 0.01855431505433685 0.8740251327646165 | 0.001692565839147159
0.8740251327649323 0.1035936602475548 0.01855431505434555 0.003826891933167313 | 0.001692565839155852
0.01735404744568466 0.6202583012900509 0.0324034637009163 0.3299841875633481 | 0.006139154239825477
0.6202583012898868 0.3299841875634282 0.03240346370091293 0.0173540474457721 | 0.006139154239845127
0.3299841875637114 0.01735404744578351 0.03240346370092632 0.6202583012895788 | 0.00613915423984776
0.03118131875220204 0.1266394908785819 0.8114772294984899 0.03070196087072607 | 0.006620345902485029
0.1266394908788713 0.03070196087069638 0.8114772294981942 0.03118131875223806 | 0.006620345902488165
0.03070196087074504 0.03118131875221086 0.8114772294979709 0.1266394908790732 | 0.006620345902492523
0.7805722458243883 0.03518958226876812 0.03307359982554328 0.1511645720813003 | 0.00698496100499754
0.03518958226870847 0.1511645720816399 0.03307359982557704 0.7805722458240746 | 0.006984961005002381
0.1511645720815177 0.7805722458241509 0.03307359982557292 0.03518958226875854 | 0.006984961005003632
0.8149022829407979 0.03351563550542005 0.1193767951360695 0.03220528641771249 | 0.007148771454639654
0.03351563550541749 0.03220528641772838 0.1193767951358615 0.8149022829409928 | 0.00714877145464187
0.03220528641771444 0.8149022829405032 0.1193767951363346 0.03351563550544774 | 0.007148771454646738
0.5596600888554596 0.1807602495702272 0.007438795731167321 0.2521408658431459 | 0.008212047324810415
0.1807602495700562 0.2521408658433209 0.007438795731199615 0.5596600888554233 | 0.008212047324821453
0.2521408658430335 0.5596600888557026 0.007438795731214367 0.1807602495700495 | 0.008212047324823316
0.03029393775770431 0.3510309266619137 0.03266058005326467 0.5860145555271175 | 0.009137979936199884
0.3510309266617719 0.5860145555272518 0.03266058005328976 0.03029393775768651 | 0.00913797993620436
0.5860145555274775 0.03029393775772133 0.03266058005327201 0.3510309266615292 | 0.009137979936209432
0.03114461249008678 0.5992738011392268 0.3365975263830276 0.0329840599876588 | 0.01017498609134363
0.03298405998767925 0.03114461249007869 0.3365975263825117 0.5992738011397303 | 0.01017498609134559
0.5992738011395161 0.03298405998767671 0.3365975263827067 0.03114461249010042 | 0.01017498609135072
0.01267643164854561 0.1645472158899154 0.4090752240119478 0.4137011284495912 | 0.01124219135089412
0.1645472158900111 0.4137011284494345 0.4090752240120063 0.01267643164854798 | 0.01124219135090164
0.4137011284495361 0.01267643164855134 0.4090752240118714 0.1645472158900412 | 0.0112421913509066
0.03573908441154557 0.03377912559111834 0.592532870170714 0.3379489198266221 | 0.01139221858501813
0.3379489198264275 0.03573908441154142 0.5925328701708977 0.03377912559113339 | 0.01139221858502278
0.03377912559113959 0.3379489198260952 0.5925328701712224 0.03573908441154294 | 0.01139221858502423
0.1336599495323923 0.1336599495326111 0.5990201514025275 0.1336599495324691 | 0.01141697336749778
0.1669597693172063 0.1669597693175803 0.4991206920481123 0.1669597693171012 | 0.01175510589206867
0.0122804285624344 0.4126008361791699 0.3979043621857173 0.1772143730726785 | 0.01181696318891137
0.1772143730727422 0.01228042856244396 0.3979043621855937 0.4126008361792202 | 0.01181696318891984
0.4126008361792021 0.1772143730727065 0.3979043621855659 0.01228042856252548 | 0.01181696318895197
0.3696126448561478 0.1145379863160246 0.02495402206716512 0.4908953467606625 | 0.01238796466594707
0.1145379863158415 0.4908953467609971 0.02495402206723796 0.3696126448559235 | 0.01238796466597009
0.4908953467605529 0.369612644856217 0.0249540220672398 0.1145379863159903 | 0.01238796466597345
0.08302494688196357 0.7282094809974271 0.03849678186899388 0.1502687902516154 | 0.01250347900028499
0.7282094809970688 0.1502687902517552 0.03849678186899534 0.08302494688218064 | 0.01250347900029171
0.1502687902517038 0.08302494688216776 0.03849678186896475 0.7282094809971638 | 0.01250347900029996
0.01680959146959896 0.4043770144883662 0.1613371421710751 0.4174762518709597 | 0.01256811590621936
0.417476251870908 0.01680959146964861 0.1613371421710812 0.4043770144883623 | 0.01256811590623869
0.4043770144883684 0.4174762518708103 0.1613371421711606 0.01680959146966074 | 0.01256811590625165
0.1696138475604023 0.6339280343903018 0.1733608592737587 0.02309725877553723 | 0.01314851816663448
0.02309725877555648 0.1696138475603947 0.1733608592737318 0.633928034390317 | 0.01314851816663657
0.6339280343903569 0.0230972587755699 0.1733608592736602 0.169613847560413 | 0.01314851816664407
0.02434102832026448 0.6335875653142609 0.1650530553465075 0.1770183510189671 | 0.01370670468173037
0.1770183510189467 0.02434102832027353 0.1650530553463749 0.6335875653144049 | 0.01370670468173512
0.6335875653143981 0.1770183510189177 0.1650530553463994 0.02434102832028481 | 0.01370670468173877
0.02935511686037216 0.1740037654545786 0.6208415104357218 0.1757996072493274 | 0.01666442945505318
0.1740037654546278 0.1757996072492151 0.6208415104357764 0.02935511686038061 | 0.01666442945505708
0.1757996072493023 0.02935511686041814 0.6208415104356415 0.174003765454638 | 0.01666442945507699
0.1121243864649791 0.5325889236500517 0.2362419588457611 0.119044731039208 | 0.02067059333601017
0.1190447310392825 0.112124386465023 0.2362419588456988 0.5325889236499958 | 0.0206705933360491
0.5325889236499357 0.119044731039276 0.2362419588456608 0.1121243864651275 | 0.02067059333605243
0.1193225934917416 0.4534859243589937 0.1285563923599583 0.2986350897893064 | 0.02540707585115189
0.2986350897893351 0.119322593491917 0.1285563923597633 0.4534859243589846 | 0.02540707585115704
0.4534859243587895 0.298635089789364 0.1285563923599528 0.1193225934918936 | 0.02540707585116386
0.3020019073266451 0.3283455214738413 0.3030261289420949 0.06662644225741876 | 0.02682694483770256
0.3283455214738281 0.0666264422574022 0.3030261289418549 0.3020019073269148 | 0.02682694483770887
0.06662644225731254 0.3020019073267441 0.3030261289420782 0.3283455214738651 | 0.02682694483771208
0.5159168166142745 0.1324670107447715 0.1074464615850585 0.2441697110558955 | 0.02732329919496712
0.1324670107446421 0.244169711055904 0.1074464615851541 0.5159168166142998 | 0.02732329919497055
0.2441697110556646 0.5159168166144414 0.1074464615851919 0.132467010744702 | 0.02732329919498021
0.318206200820324 0.3182062008205924 0.04538139753862875 0.3182062008204549 | 0.02791156768822412
0.1207131116358087 0.3395130626211381 0.4110926574948671 0.1286811682481862 | 0.02809256245491682
0.3395130626209017 0.1286811682481305 0.4110926574949583 0.1207131116360095 | 0.02809256245494129
0.1286811682481935 0.1207131116358556 0.4110926574950111 0.3395130626209398 | 0.02809256245494643
0.2570719807624278 0.2570719807625507 0.2287840577124626 0.257071980762559 | 0.04657852198441921
