--
domain: tetrahedron
order: 9
--
0.028649249284109723 0.006891366839295159 0.7203807203359198 0.2440786635406753 | 0.004297209626427251
0.024169939568873033 0.1555789083027259 0.7830238380676567 0.03722731406074435 | 0.005446662686777992
0.03461939946660619 0.8847735952623145 0.03746715582104113 0.04313984945003826 | 0.005501052249840145
0.012542466103274363 0.04038577127605769 0.2233476678136009 0.723724094807067 | 0.005850159682987847
0.01111917666997142 0.515285061557277 0.4405214048473231 0.03307435692542832 | 0.0066011405554390785
0.04324575722503776 0.03474022441842899 0.8739842844692827 0.04802973388725062 | 0.006741400421625406
0.006451911226469154 0.2737549691522871 0.5866194063678511 0.1331737132533926 | 0.007031651294666076
0.7445722864134563 0.03138783669262657 0.02302476689782933 0.2010151099960878 | 0.007046772694357508
0.04078275605402837 0.04195473200768755 0.04206648540987851 0.8751960265284056 | 0.007093688134910618
0.04411116572866158 0.2133537804622216 0.01492382397847686 0.72761122983064 | 0.007105780096237482
0.20020299852059387 0.05137368203860852 0.737898449375068 0.01052487006572961 | 0.007140039716199621
0.47547205028484163 0.01167918776735336 0.03967712051591504 0.47317164143189 | 0.007199786221046164
0.24377863951134637 0.6123408021820864 0.1432143403978234 0.0006662179087437572 | 0.007880140978224906
0.8689419994744352 0.04585901947602267 0.04589832979249515 0.03930065125704704 | 0.008021210535256004
0.6628096593336772 0.1030115138063945 0.2313142488715318 0.002864577988396536 | 0.008198300283729061
0.7094855723870963 0.00837326895113094 0.218303550548395 0.0638376081133778 | 0.008296235762850181
0.17858765784426522 0.7518893444883036 0.03020971497018418 0.03931328269724702 | 0.00914657068489851
0.7083661953630629 0.2307731120717099 0.03171156153538288 0.02914913102984441 | 0.009165194395294063
0.11194229159978342 0.005807381258551988 0.4350661767994387 0.4471841503422259 | 0.009779402574149908
0.004136110590135411 0.3807370349415273 0.1946216802654709 0.4205051742028665 | 0.009825361104802203
0.07009294573746905 0.2760774398234713 0.6335347557774519 0.02029485866160777 | 0.01031148586360235
0.01972126900494353 0.06107660031735783 0.4443452478104636 0.474856882867235 | 0.01162495313341008
0.21306583074243857 0.04011137824044635 0.03313166695541811 0.713691124061697 | 0.01176253653924646
0.11152991058962858 0.02545934399020729 0.1809521324516702 0.6820586129684939 | 0.01257290712247388
0.1742700233240555 0.6044262999606023 0.01758681325508173 0.2037168634602605 | 0.01297525822334384
0.03404822893107995 0.7098027195586388 0.04483105915111014 0.211317992359171 | 0.01298753113780957
0.04528384772571259 0.7304989942620459 0.1871472921145495 0.03706986589769196 | 0.01308586954308024
0.42541550869228595 0.5007701133228333 0.02448223828136365 0.04933213970351709 | 0.013231102905647742
0.4457118686463897 0.03332720320375657 0.4837323966974713 0.0372285314523825 | 0.01327391604674931
0.4898498586599017 0.3567521368987188 0.1328834330395908 0.02051457140178872 | 0.013286250390967601
0.6247618080740249 0.1838549978176258 0.02094427630108402 0.1704389178072653 | 0.01367723540855299
0.3485822038918508 0.2268373199643008 0.4167820833252522 0.007798392818596213 | 0.014266446085342797
0.027204332494956907 0.1923717952701477 0.1242856487305183 0.6561382235043771 | 0.014895548350712311
0.2300953221063582 0.3619508813743887 0.01552011599218286 0.3924336805270703 | 0.0151187789916045
0.20189659429100493 0.01965056042084037 0.6443583098389682 0.1340945354491865 | 0.0153837327949132
0.041494139195916935 0.458244669513536 0.0366754648901354 0.4635857264004116 | 0.01571737727344171
0.4033085940959673 0.01538959981066759 0.3394322940952808 0.2418695119980843 | 0.01647539077808772
0.4357885375052556 0.1242356229882021 0.02743271521385679 0.4125431242926855 | 0.01988881060657086
0.03244717556381338 0.5655163520825289 0.2158455335267193 0.1861909388269384 | 0.02135429970991831
0.04884167433931941 0.1031571468282741 0.6454494634370023 0.2025517153954042 | 0.02238071101726632
0.5880484699622861 0.04580873781449243 0.1306656875755306 0.2354771046476909 | 0.02300948922177037
0.03933009444413993 0.2222475737162643 0.3744969790769868 0.3639253527626089 | 0.025292626816845847
0.14419777989079807 0.4587456757955503 0.360156713211527 0.03689983110212465 | 0.02539251140634734
0.05935503383799734 0.3633566801123643 0.4147619222990371 0.1625263637506013 | 0.02565188198178133
0.1840579466705563 0.1839853909173693 0.05281258992885371 0.5791440724832208 | 0.02628049268374852
0.30446576218201404 0.03912033521689179 0.1799045015970503 0.4765094010040439 | 0.02637558841796568
0.6057738525339253 0.1524683171735235 0.1476870681014711 0.09407076219108002 | 0.02812721864573652
0.18242439019785084 0.1668749728706788 0.5729563685802239 0.07774426835124648 | 0.03184530461010871
0.11352499128194404 0.1417161598745218 0.2271598693150327 0.5175989795285014 | 0.0326397088280212
0.3964123670442983 0.3516091771883741 0.05503739382968048 0.1969410619376471 | 0.033121074422278
0.3518479584604699 0.3364345271215077 0.2289840090706933 0.0827335053473291 | 0.03522036263341143
0.41875277704494795 0.10961245832859 0.3537003584345384 0.1179344061919236 | 0.03527936474308143
0.18793169741782667 0.5571603219749478 0.1325043854190557 0.1224035951881698 | 0.03571653269823493
0.19120574523294454 0.08342378852063631 0.4222286016719213 0.3031418645744979 | 0.03822108591395342
0.19559156622241636 0.2709662131081065 0.3336191905680228 0.1998230301014543 | 0.04187534771328918
0.13083187720436462 0.3787443941211687 0.143482922419707 0.3469408062547597 | 0.04521138307921545
0.34371349503612536 0.1819772234774806 0.1650628409073057 0.3092464405790883 | 0.0491021245617486
