--
domain: tetrahedron
order: 8
--
0.025638511341384063 0.0009718783690150193 0.9573816260583027 0.01600798423129822 | 0.0002523242325191773
0.024973319795410953 0.01760715612687848 0.008855594278705747 0.9485639297990048 | 0.000290863922550942
0.022419870570312472 0.9408082028316022 0.0300522477759322 0.006719678822153188 | 0.00034651409450314665
0.9245777398897999 0.004571184374515704 0.04868900463902199 0.0221620710966624 | 0.0004244834198904958
0.06745093111152267 0.4618117251682627 0.4653151604130365 0.005422183307178087 | 0.0011495713860626099
0.4557957063325977 0.03576257087872006 0.5003296720329762 0.008112050755706058 | 0.0012535250586434693
0.15234419648302833 0.2307434967946494 0.6113365336918841 0.005575773030438238 | 0.0016460861324811202
0.4798758072429832 0.02580684887253231 0.02777675799356541 0.4665405858909191 | 0.0016881535417914368
0.00806588381206974 0.4139212834388201 0.4982549617822043 0.07975787096690573 | 0.00197757011617887
0.0005910108638145228 0.1999067290329215 0.4794066533528659 0.3200956067503981 | 0.0021332305621032666
0.7612743156128263 0.1643869309848081 0.03985667792342303 0.0344820754789425 | 0.0022892954263809117
0.03833926064005466 0.03678064973474819 0.7205111657178718 0.2043689239073254 | 0.002453317862571215
0.04335349916535902 0.1890744688700332 0.03620467192851837 0.7313673600360894 | 0.00251062824751718
0.03455601333541858 0.1506377117814253 0.7623678849544528 0.05243838992870327 | 0.002564740902068485
0.013023652557713095 0.2496370830578753 0.1955460819226021 0.5417931824618095 | 0.002602731533963437
0.5087099384866776 0.2579166731543092 0.2209774649988177 0.01239592336019548 | 0.0027548944667587136
0.7369691657004186 0.05045500693172469 0.03938021868450564 0.1731956086833511 | 0.0028292048763357883
0.04269156560277343 0.7485745607457628 0.04543453035210961 0.1632993432993541 | 0.0028982004270852453
0.04553064939700335 0.04648612941109276 0.1564866850400663 0.7514965361518376 | 0.002935422697522245
0.1865911083576367 0.723709495041749 0.04620058214866413 0.04349881445195029 | 0.002983133967882152
0.1922431395602754 0.04908534432749626 0.04149415901827835 0.71717735709395 | 0.0029981483163099916
0.046982756907513634 0.7016567760643901 0.2044918137472231 0.0468686532808731 | 0.0033577851411315802
0.17965580975017126 0.04478021549603177 0.719573330071695 0.05599064468210205 | 0.0034241727240937898
0.4644863283559171 0.4487780077524824 0.04105029814548231 0.04568536574611817 | 0.0036540831010869316
0.047001863032140156 0.04312238337787981 0.4150765842699887 0.4947991693199913 | 0.0037507609946701936
0.4081931754790794 0.03095052921613287 0.4246500540795894 0.1362062412251983 | 0.0037598731255837213
0.50448252595324 0.2504719219173209 0.02261090963666046 0.2224346424927786 | 0.0037906201057506216
0.6780990703692416 0.05438301560623344 0.2162641488906512 0.05125376513387382 | 0.003916487256448844
0.046752411641805214 0.4721332195496732 0.04544737426285883 0.4356669945456628 | 0.00402639065463561
0.5285689475695134 0.03082247209993105 0.1812621911709453 0.2593463891596102 | 0.00418984767843144
0.2305259561128321 0.5111060719135769 0.02882725890093539 0.2295407130726556 | 0.004519589747580942
0.4101223362011024 0.1239784893278184 0.06224439946102048 0.4036547750100588 | 0.004542489322412185
0.13811041316803885 0.3828805011657271 0.397275457461443 0.08173362820479114 | 0.004697614316667847
0.251079653338365 0.4935900808340203 0.2161396926300791 0.03919057319753563 | 0.0053735422239879
0.24800208480487662 0.03383673809722395 0.2125192261175291 0.5056419509803703 | 0.005382166773474393
0.1961084256883111 0.04243030114562282 0.4862252458661596 0.2752360272999065 | 0.0054545457922569145
0.2113370358593133 0.2502274462930384 0.04529074988858361 0.4931447679590647 | 0.006091681784605513
0.5012614462694089 0.2280801840550788 0.1425146299088945 0.1281437397666177 | 0.006510451658158449
0.04492354732793469 0.4835182802910101 0.2295406150635747 0.2420175573174804 | 0.006683134190221676
0.32739921849377585 0.1822460492233608 0.4284077707360187 0.06194696154684466 | 0.006927915069245575
0.10642416182205339 0.2096423028706461 0.4853135576380692 0.1986199776692312 | 0.008629937323168083
0.3358781772939643 0.1646955059003284 0.2495207660799524 0.249905550725755 | 0.008810488117670844
0.22245296786507396 0.4118962036484124 0.1582590933458902 0.2073917351406235 | 0.008892300407975902
0.12325271447174435 0.2003307068778031 0.2274620499867547 0.4489545286636978 | 0.009298747966287926
