--
domain: tetrahedron
order: 5
--
0.045503704125649636 0.4544962958743503 0.4544962958743504 0.04550370412564962 | 0.0070910034628469025
0.045503704125649413 0.04550370412564967 0.4544962958743504 0.4544962958743504 | 0.007091003462846909
0.45449629587435036 0.04550370412564973 0.4544962958743503 0.04550370412564969 | 0.007091003462846909
0.045503704125649636 0.4544962958743503 0.04550370412564966 0.4544962958743504 | 0.007091003462846912
0.45449629587435036 0.4544962958743503 0.04550370412564968 0.04550370412564962 | 0.007091003462846912
0.45449629587435025 0.0455037041256497 0.04550370412564966 0.4544962958743504 | 0.0070910034628469155
0.09273525031089125 0.09273525031089128 0.7217942490673263 0.09273525031089122 | 0.012248840519393652
0.09273525031089147 0.721794249067326 0.09273525031089128 0.09273525031089129 | 0.012248840519393652
0.7217942490673263 0.09273525031089132 0.09273525031089114 0.09273525031089129 | 0.012248840519393655
0.09273525031089114 0.0927352503108913 0.0927352503108913 0.7217942490673263 | 0.012248840519393659
0.31088591926330045 0.3108859192633006 0.06734224221009831 0.3108859192633006 | 0.018781320953002632
0.31088591926330045 0.06734224221009824 0.3108859192633006 0.3108859192633007 | 0.018781320953002632
0.06734224221009799 0.3108859192633006 0.3108859192633007 0.3108859192633006 | 0.018781320953002632
0.31088591926330056 0.3108859192633006 0.3108859192633007 0.06734224221009814 | 0.01878132095300265
