--
domain: tetrahedron
order: 6
--
0.02431897424814286 0.03883608434488445 0.9029287990136113 0.03391614239336127 | 0.007095794851659528
0.02286582381402311 0.9037700013321819 0.02933572108317866 0.04402845377061632 | 0.007241276891866975
0.008781957777518898 0.0405760510668179 0.08860035046891021 0.8620416406867529 | 0.01042333572369595
0.8411389516623184 0.05132520616520296 0.0372647521383555 0.0702710900341231 | 0.01592547918500375
0.2112976585815863 0.007354523838069352 0.2511844952775297 0.5301633223028146 | 0.02256566727814283
0.02346779557305456 0.06477516044710505 0.3908620506710118 0.5208949933088285 | 0.02423128687744435
0.2130411832361856 0.06001058302026912 0.02584268626070331 0.701105547482842 | 0.02550432426704244
0.2678441981835756 0.06476943693005288 0.6367675085585139 0.03061885632785766 | 0.03150940988270644
0.05399614083591447 0.2757863004698506 0.06001614916616868 0.6102014095280662 | 0.03971409764908228
0.3293797185491983 0.3251196585770252 0.3268335046190458 0.01866711825473061 | 0.0432392966954734
0.6243213635534294 0.06592492316000995 0.2535936747432003 0.05616003854336038 | 0.04359039806062918
0.06319998094256953 0.6174557201472688 0.2584491489839256 0.06089514992623613 | 0.04661313412658071
0.248449540118895 0.6265402017088824 0.06211553318359875 0.06289472498862392 | 0.04714803047226122
0.06373289529499766 0.277903669330078 0.5949096890217955 0.06345374635312873 | 0.04889007590244217
0.06517799276337043 0.5947173018757956 0.06660329800760315 0.2735014073532308 | 0.04976863009151432
0.08367881406005505 0.06609866241468051 0.6300545551109896 0.2201679684142748 | 0.05303332390816938
0.5773457813897267 0.2877250948264642 0.06462063807336853 0.07030848571044053 | 0.05393501062831199
0.038288670738245 0.3283881712312217 0.3202874336976925 0.3130357243328408 | 0.05982134766142917
0.3519391973347045 0.05509902249072568 0.3810843089063102 0.2118774712682597 | 0.06261447528131127
0.5300632754810166 0.06678959978173812 0.07699271710096725 0.326154407636278 | 0.06306636188552053
0.1521038113099309 0.1246499636374863 0.201234567364421 0.5220116576881619 | 0.06433402197308753
0.3041692653497818 0.3191942803489312 0.04438334435720821 0.3322531099440788 | 0.06713581621255703
0.2558207842649862 0.2794200529459882 0.269569929633272 0.1951892331557536 | 0.112599404494068
