--
domain: triangle
order: 27
--
0.23857195763762562 0.3807140211811872 0.3807140211811872 | 0.00478004248372996
0.10666439259227078 0.4466678037038646 0.4466678037038646 | 0.004705079904727113
0.16771724238917574 0.41614137880541213 0.41614137880541213 | 0.006025113512075217
0.8393907044231231 0.08030464778843843 0.08030464778843843 | 0.0026063109364009383
0.5331991866602577 0.23340040666987116 0.23340040666987116 | 0.006735657699024688
0.39766906966698157 0.3011654651665092 0.3011654651665092 | 0.007873982890681327
0.6504400672901999 0.17477996635490006 0.17477996635490006 | 0.00564122127234919
0.02886989162967446 0.48556505418516277 0.48556505418516277 | 0.003558618706437321
0.9348569596396366 0.03257152018018172 0.03257152018018172 | 0.0013886697644770905
0.7448581961906448 0.12757090190467762 0.12757090190467762 | 0.004871622461408866
0.9867215616380822 0.0066392191809588885 0.0066392191809588885 | 0.0002877212028352512
0.38071402118118725 0.3807140211811872 0.23857195763762562 | 0.00478004248372996
0.4466678037038646 0.4466678037038646 0.10666439259227078 | 0.004705079904727113
0.41614137880541213 0.41614137880541213 0.16771724238917574 | 0.006025113512075217
0.08030464778843838 0.08030464778843843 0.8393907044231231 | 0.0026063109364009383
0.23340040666987116 0.23340040666987116 0.5331991866602577 | 0.006735657699024688
0.3011654651665092 0.3011654651665092 0.39766906966698157 | 0.007873982890681327
0.17477996635490012 0.17477996635490006 0.6504400672901999 | 0.00564122127234919
0.4855650541851628 0.48556505418516277 0.02886989162967446 | 0.003558618706437321
0.03257152018018172 0.03257152018018172 0.9348569596396366 | 0.0013886697644770905
0.12757090190467757 0.12757090190467762 0.7448581961906448 | 0.004871622461408866
0.0066392191809588885 0.0066392191809588885 0.9867215616380822 | 0.0002877212028352512
0.38071402118118725 0.23857195763762562 0.3807140211811872 | 0.00478004248372996
0.4466678037038646 0.10666439259227078 0.4466678037038646 | 0.004705079904727113
0.41614137880541213 0.16771724238917574 0.41614137880541213 | 0.006025113512075217
0.08030464778843838 0.8393907044231231 0.08030464778843843 | 0.0026063109364009383
0.23340040666987116 0.5331991866602577 0.23340040666987116 | 0.006735657699024688
0.3011654651665092 0.39766906966698157 0.3011654651665092 | 0.007873982890681327
0.17477996635490012 0.6504400672901999 0.17477996635490006 | 0.00564122127234919
0.4855650541851628 0.02886989162967446 0.48556505418516277 | 0.003558618706437321
0.03257152018018172 0.9348569596396366 0.03257152018018172 | 0.0013886697644770905
0.12757090190467757 0.7448581961906448 0.12757090190467762 | 0.004871622461408866
0.0066392191809588885 0.9867215616380822 0.0066392191809588885 | 0.0002877212028352512
0.6822271986792305 0.030730604727272855 0.2870421965934966 | 0.0027658974168833657
0.525759518220982 0.12915264006344968 0.3450878417155684 | 0.006278718102018268
0.5960363568560882 0.028033486095250002 0.3759301570486618 | 0.0031975763497272013
0.4739234899291993 0.20913092113766868 0.31694558893313196 | 0.00685769661527542
0.5267326941075414 0.06603891284973865 0.4072283930427199 | 0.004931135059494785
0.7454158247229943 0.041030576819181826 0.21355359845782393 | 0.003227686452464845
0.6658474815593083 0.005299640371799034 0.32885287806889263 | 0.0014639131808995513
0.7976306984429004 0.06307399541495087 0.13929530614214874 | 0.003565317655243512
0.5957908943647818 0.1489628509382401 0.25524625469697804 | 0.006173831565430682
0.6969269019664952 0.09469708243313069 0.20837601560037405 | 0.005346850294808132
0.5544087310385244 0.005580717015260116 0.44001055194621547 | 0.0016212337988196705
0.6227021563389827 0.07507690243319622 0.3022209412278211 | 0.005465305546456643
0.9110706680920073 0.0069825293244590156 0.08194680258353369 | 0.0010075615636448512
0.9595414606840932 0.0060935694037648315 0.03436496991214199 | 0.0005983868042365814
0.8848535036252015 0.03503442252769738 0.08011207384710112 | 0.0021635790176803564
0.8334345667830385 0.019352001318038967 0.14721343189892247 | 0.002311193555890555
0.7629478741931164 0.007332472549040455 0.22971965325784321 | 0.0016971268694035136
0.8518541504366672 0.0004903284434629743 0.1476555211198698 | 0.00042330306788192527
0.2870421965934966 0.6822271986792305 0.030730604727272855 | 0.0027658974168833657
0.3450878417155685 0.5257595182209819 0.12915264006344968 | 0.006278718102018268
0.37593015704866173 0.5960363568560882 0.028033486095250002 | 0.0031975763497272013
0.31694558893313185 0.4739234899291994 0.20913092113766868 | 0.00685769661527542
0.40722839304271996 0.5267326941075414 0.06603891284973865 | 0.004931135059494785
0.21355359845782396 0.7454158247229942 0.041030576819181826 | 0.003227686452464845
0.32885287806889263 0.6658474815593083 0.005299640371799034 | 0.0014639131808995513
0.1392953061421487 0.7976306984429005 0.06307399541495087 | 0.003565317655243512
0.25524625469697804 0.5957908943647818 0.1489628509382401 | 0.006173831565430682
0.2083760156003741 0.6969269019664952 0.09469708243313069 | 0.005346850294808132
0.4400105519462155 0.5544087310385244 0.005580717015260116 | 0.0016212337988196705
0.30222094122782106 0.6227021563389827 0.07507690243319622 | 0.005465305546456643
0.0819468025835337 0.9110706680920073 0.0069825293244590156 | 0.0010075615636448512
0.034364969912141996 0.9595414606840932 0.0060935694037648315 | 0.0005983868042365814
0.08011207384710117 0.8848535036252014 0.03503442252769738 | 0.0021635790176803564
0.14721343189892244 0.8334345667830386 0.019352001318038967 | 0.002311193555890555
0.22971965325784316 0.7629478741931164 0.007332472549040455 | 0.0016971268694035136
0.1476555211198698 0.8518541504366672 0.0004903284434629743 | 0.00042330306788192527
0.030730604727272848 0.2870421965934966 0.6822271986792305 | 0.0027658974168833657
0.12915264006344973 0.3450878417155684 0.5257595182209819 | 0.006278718102018268
0.028033486095250026 0.3759301570486618 0.5960363568560882 | 0.0031975763497272013
0.20913092113766862 0.31694558893313196 0.4739234899291994 | 0.00685769661527542
0.06603891284973873 0.4072283930427199 0.5267326941075414 | 0.004931135059494785
0.041030576819181874 0.21355359845782393 0.7454158247229942 | 0.003227686452464845
0.005299640371799086 0.32885287806889263 0.6658474815593083 | 0.0014639131808995513
0.06307399541495085 0.13929530614214874 0.7976306984429005 | 0.003565317655243512
0.14896285093824013 0.25524625469697804 0.5957908943647818 | 0.006173831565430682
0.0946970824331308 0.20837601560037405 0.6969269019664952 | 0.005346850294808132
0.005580717015260195 0.44001055194621547 0.5544087310385244 | 0.0016212337988196705
0.07507690243319609 0.3022209412278211 0.6227021563389827 | 0.005465305546456643
0.006982529324458975 0.08194680258353369 0.9110706680920073 | 0.0010075615636448512
0.00609356940376482 0.03436496991214199 0.9595414606840932 | 0.0005983868042365814
0.035034422527697506 0.08011207384710112 0.8848535036252014 | 0.0021635790176803564
0.019352001318038936 0.14721343189892247 0.8334345667830386 | 0.002311193555890555
0.0073324725490404585 0.22971965325784321 0.7629478741931164 | 0.0016971268694035136
0.0004903284434629729 0.1476555211198698 0.8518541504366672 | 0.00042330306788192527
0.6822271986792305 0.2870421965934966 0.030730604727272855 | 0.0027658974168833657
0.525759518220982 0.3450878417155684 0.12915264006344968 | 0.006278718102018268
0.5960363568560882 0.3759301570486618 0.028033486095250002 | 0.0031975763497272013
0.4739234899291993 0.31694558893313196 0.20913092113766868 | 0.00685769661527542
0.5267326941075414 0.4072283930427199 0.06603891284973865 | 0.004931135059494785
0.7454158247229943 0.21355359845782393 0.041030576819181826 | 0.003227686452464845
0.6658474815593083 0.32885287806889263 0.005299640371799034 | 0.0014639131808995513
0.7976306984429004 0.13929530614214874 0.06307399541495087 | 0.003565317655243512
0.5957908943647818 0.25524625469697804 0.1489628509382401 | 0.006173831565430682
0.6969269019664952 0.20837601560037405 0.09469708243313069 | 0.005346850294808132
0.5544087310385244 0.44001055194621547 0.005580717015260116 | 0.0016212337988196705
0.6227021563389827 0.3022209412278211 0.07507690243319622 | 0.005465305546456643
0.9110706680920073 0.08194680258353369 0.0069825293244590156 | 0.0010075615636448512
0.9595414606840932 0.03436496991214199 0.0060935694037648315 | 0.0005983868042365814
0.8848535036252015 0.08011207384710112 0.03503442252769738 | 0.0021635790176803564
0.8334345667830385 0.14721343189892247 0.019352001318038967 | 0.002311193555890555
0.7629478741931164 0.22971965325784321 0.007332472549040455 | 0.0016971268694035136
0.8518541504366672 0.1476555211198698 0.0004903284434629743 | 0.00042330306788192527
0.030730604727272848 0.6822271986792305 0.2870421965934966 | 0.0027658974168833657
0.12915264006344973 0.5257595182209819 0.3450878417155684 | 0.006278718102018268
0.028033486095250026 0.5960363568560882 0.3759301570486618 | 0.0031975763497272013
0.20913092113766862 0.4739234899291994 0.31694558893313196 | 0.00685769661527542
0.06603891284973873 0.5267326941075414 0.4072283930427199 | 0.004931135059494785
0.041030576819181874 0.7454158247229942 0.21355359845782393 | 0.003227686452464845
0.005299640371799086 0.6658474815593083 0.32885287806889263 | 0.0014639131808995513
0.06307399541495085 0.7976306984429005 0.13929530614214874 | 0.003565317655243512
0.14896285093824013 0.5957908943647818 0.25524625469697804 | 0.006173831565430682
0.0946970824331308 0.6969269019664952 0.20837601560037405 | 0.005346850294808132
0.005580717015260195 0.5544087310385244 0.44001055194621547 | 0.0016212337988196705
0.07507690243319609 0.6227021563389827 0.3022209412278211 | 0.005465305546456643
0.006982529324458975 0.9110706680920073 0.08194680258353369 | 0.0010075615636448512
0.00609356940376482 0.9595414606840932 0.03436496991214199 | 0.0005983868042365814
0.035034422527697506 0.8848535036252014 0.08011207384710112 | 0.0021635790176803564
0.019352001318038936 0.8334345667830386 0.14721343189892247 | 0.002311193555890555
0.0073324725490404585 0.7629478741931164 0.22971965325784321 | 0.0016971268694035136
0.0004903284434629729 0.8518541504366672 0.1476555211198698 | 0.00042330306788192527
0.2870421965934966 0.030730604727272855 0.6822271986792305 | 0.0027658974168833657
0.3450878417155685 0.12915264006344968 0.5257595182209819 | 0.006278718102018268
0.37593015704866173 0.028033486095250002 0.5960363568560882 | 0.0031975763497272013
0.31694558893313185 0.20913092113766868 0.4739234899291994 | 0.00685769661527542
0.40722839304271996 0.06603891284973865 0.5267326941075414 | 0.004931135059494785
0.21355359845782396 0.041030576819181826 0.7454158247229942 | 0.003227686452464845
0.32885287806889263 0.005299640371799034 0.6658474815593083 | 0.0014639131808995513
0.1392953061421487 0.06307399541495087 0.7976306984429005 | 0.003565317655243512
0.25524625469697804 0.1489628509382401 0.5957908943647818 | 0.006173831565430682
0.2083760156003741 0.09469708243313069 0.6969269019664952 | 0.005346850294808132
0.4400105519462155 0.005580717015260116 0.5544087310385244 | 0.0016212337988196705
0.30222094122782106 0.07507690243319622 0.6227021563389827 | 0.005465305546456643
0.0819468025835337 0.0069825293244590156 0.9110706680920073 | 0.0010075615636448512
0.034364969912141996 0.0060935694037648315 0.9595414606840932 | 0.0005983868042365814
0.08011207384710117 0.03503442252769738 0.8848535036252014 | 0.0021635790176803564
0.14721343189892244 0.019352001318038967 0.8334345667830386 | 0.002311193555890555
0.22971965325784316 0.007332472549040455 0.7629478741931164 | 0.0016971268694035136
0.1476555211198698 0.0004903284434629743 0.8518541504366672 | 0.00042330306788192527
