--
domain: triangle
order: 11
--
0.33333333333333337 0.3333333333333333 0.3333333333333333 | 0.08144513470935129
0.9383062087288238 0.030846895635588123 0.030846895635588123 | 0.012249296950707964
0.0024396696430785125 0.49878016517846074 0.49878016517846074 | 0.012465491873881381
0.7735843454266119 0.11320782728669404 0.11320782728669404 | 0.04012924238130832
0.12668996721364778 0.4366550163931761 0.4366550163931761 | 0.06309487215989869
0.5710330827614613 0.21448345861926937 0.21448345861926937 | 0.06784510774369515
0.030846895635588067 0.030846895635588123 0.9383062087288238 | 0.012249296950707964
0.4987801651784607 0.49878016517846074 0.0024396696430785125 | 0.012465491873881381
0.1132078272866941 0.11320782728669404 0.7735843454266119 | 0.04012924238130832
0.43665501639317617 0.4366550163931761 0.12668996721364778 | 0.06309487215989869
0.21448345861926943 0.21448345861926937 0.5710330827614613 | 0.06784510774369515
0.030846895635588067 0.9383062087288238 0.030846895635588123 | 0.012249296950707964
0.4987801651784607 0.0024396696430785125 0.49878016517846074 | 0.012465491873881381
0.1132078272866941 0.7735843454266119 0.11320782728669404 | 0.04012924238130832
0.43665501639317617 0.12668996721364778 0.4366550163931761 | 0.06309487215989869
0.21448345861926943 0.5710330827614613 0.21448345861926937 | 0.06784510774369515
0.8263297175927509 0.014366662569555624 0.1593036198376935 | 0.014557623337809246
0.6417047167143861 0.04766406697215078 0.31063121631346313 | 0.04064284865588647
0.15930361983769348 0.8263297175927509 0.014366662569555624 | 0.014557623337809246
0.31063121631346313 0.6417047167143861 0.04766406697215078 | 0.04064284865588647
0.014366662569555655 0.1593036198376935 0.8263297175927509 | 0.014557623337809246
0.047664066972150754 0.31063121631346313 0.6417047167143861 | 0.04064284865588647
0.8263297175927509 0.1593036198376935 0.014366662569555624 | 0.014557623337809246
0.6417047167143861 0.31063121631346313 0.04766406697215078 | 0.04064284865588647
0.014366662569555655 0.8263297175927509 0.1593036198376935 | 0.014557623337809246
0.047664066972150754 0.6417047167143861 0.31063121631346313 | 0.04064284865588647
0.15930361983769348 0.014366662569555624 0.8263297175927509 | 0.014557623337809246
0.31063121631346313 0.04766406697215078 0.6417047167143861 | 0.04064284865588647
