--
domain: triangle
order: 9
--
0.33333333333333337 0.3333333333333333 0.3333333333333333 | 0.09713579628279884
0.02063496160252476 0.4896825191987376 0.4896825191987376 | 0.03133470022713907
0.6235929287619344 0.1882035356190328 0.1882035356190328 | 0.07964773892721026
0.12582081701412673 0.43708959149293664 0.43708959149293664 | 0.07782754100477428
0.9105409732110945 0.04472951339445275 0.04472951339445275 | 0.025577675658698035
0.4896825191987376 0.4896825191987376 0.02063496160252476 | 0.03133470022713907
0.1882035356190328 0.1882035356190328 0.6235929287619344 | 0.07964773892721026
0.4370895914929367 0.43708959149293664 0.12582081701412673 | 0.07782754100477428
0.04472951339445275 0.04472951339445275 0.9105409732110945 | 0.025577675658698035
0.4896825191987376 0.02063496160252476 0.4896825191987376 | 0.03133470022713907
0.1882035356190328 0.6235929287619344 0.1882035356190328 | 0.07964773892721026
0.4370895914929367 0.12582081701412673 0.43708959149293664 | 0.07782754100477428
0.04472951339445275 0.9105409732110945 0.04472951339445275 | 0.025577675658698035
0.741198598784498 0.0368384120547363 0.2219629891607657 | 0.043283539377289376
0.22196298916076573 0.741198598784498 0.0368384120547363 | 0.043283539377289376
0.03683841205473626 0.2219629891607657 0.741198598784498 | 0.043283539377289376
0.741198598784498 0.2219629891607657 0.0368384120547363 | 0.043283539377289376
0.03683841205473626 0.741198598784498 0.2219629891607657 | 0.043283539377289376
0.22196298916076573 0.0368384120547363 0.741198598784498 | 0.043283539377289376
