--
domain: triangle
order: 7
--
0.05360869262149792 0.47319565368925104 0.47319565368925104 | 0.05318083329676046
0.884404719890987 0.057797640054506494 0.057797640054506494 | 0.04091817039405687
0.5166727872055051 0.24166360639724743 0.24166360639724743 | 0.12772524856113385
0.473195653689251 0.47319565368925104 0.05360869262149792 | 0.05318083329676046
0.057797640054506494 0.057797640054506494 0.884404719890987 | 0.04091817039405687
0.2416636063972475 0.24166360639724743 0.5166727872055051 | 0.12772524856113385
0.473195653689251 0.05360869262149792 0.47319565368925104 | 0.05318083329676046
0.057797640054506494 0.884404719890987 0.057797640054506494 | 0.04091817039405687
0.2416636063972475 0.5166727872055051 0.24166360639724743 | 0.12772524856113385
0.6936897820041288 0.046971206130085534 0.2593390118657857 | 0.055754540540691094
0.2593390118657857 0.6936897820041288 0.046971206130085534 | 0.055754540540691094
0.04697120613008554 0.2593390118657857 0.6936897820041288 | 0.055754540540691094
0.6936897820041288 0.2593390118657857 0.046971206130085534 | 0.055754540540691094
0.04697120613008554 0.6936897820041288 0.2593390118657857 | 0.055754540540691094
0.2593390118657857 0.046971206130085534 0.6936897820041288 | 0.055754540540691094
