--
domain: triangle
order: 14
--
0.16471056131909212 0.41764471934045394 0.41764471934045394 | 0.016394176772062678
0.8764002338182546 0.0617998830908727 0.0617998830908727 | 0.007216849834888334
0.4530449433823226 0.2734775283088387 0.2734775283088387 | 0.025887052253645793
0.645588935174913 0.1772055324125435 0.1772055324125435 | 0.02108129436849651
0.9612180775025978 0.0193909612487011 0.0193909612487011 | 0.002461701801200041
0.022072179275642756 0.4889639103621786 0.4889639103621786 | 0.010941790684714446
0.417644719340454 0.41764471934045394 0.16471056131909212 | 0.016394176772062678
0.0617998830908727 0.0617998830908727 0.8764002338182546 | 0.007216849834888334
0.27347752830883865 0.2734775283088387 0.4530449433823226 | 0.025887052253645793
0.17720553241254344 0.1772055324125435 0.645588935174913 | 0.02108129436849651
0.0193909612487011 0.0193909612487011 0.9612180775025978 | 0.002461701801200041
0.48896391036217857 0.4889639103621786 0.022072179275642756 | 0.010941790684714446
0.417644719340454 0.16471056131909212 0.41764471934045394 | 0.016394176772062678
0.0617998830908727 0.8764002338182546 0.0617998830908727 | 0.007216849834888334
0.27347752830883865 0.4530449433823226 0.2734775283088387 | 0.025887052253645793
0.17720553241254344 0.645588935174913 0.1772055324125435 | 0.02108129436849651
0.0193909612487011 0.9612180775025978 0.0193909612487011 | 0.002461701801200041
0.48896391036217857 0.022072179275642756 0.4889639103621786 | 0.010941790684714446
0.6869801678080878 0.014646950055654471 0.29837288213625773 | 0.007218154056766921
0.5702222908466832 0.09291624935697185 0.336861459796345 | 0.019285755393530342
0.7706085547749965 0.05712475740364799 0.17226668782135557 | 0.012332876606281839
0.8797571713701711 0.001268330932872076 0.11897449769695682 | 0.002505114419250336
0.2983728821362578 0.6869801678080878 0.014646950055654471 | 0.007218154056766921
0.33686145979634496 0.5702222908466832 0.09291624935697185 | 0.019285755393530342
0.17226668782135557 0.7706085547749965 0.05712475740364799 | 0.012332876606281839
0.11897449769695678 0.8797571713701712 0.001268330932872076 | 0.002505114419250336
0.014646950055654528 0.29837288213625773 0.6869801678080878 | 0.007218154056766921
0.09291624935697174 0.336861459796345 0.5702222908466832 | 0.019285755393530342
0.057124757403647974 0.17226668782135557 0.7706085547749965 | 0.012332876606281839
0.0012683309328720416 0.11897449769695682 0.8797571713701712 | 0.002505114419250336
0.6869801678080878 0.29837288213625773 0.014646950055654471 | 0.007218154056766921
0.5702222908466832 0.336861459796345 0.09291624935697185 | 0.019285755393530342
0.7706085547749965 0.17226668782135557 0.05712475740364799 | 0.012332876606281839
0.8797571713701711 0.11897449769695682 0.001268330932872076 | 0.002505114419250336
0.014646950055654528 0.6869801678080878 0.29837288213625773 | 0.007218154056766921
0.09291624935697174 0.5702222908466832 0.336861459796345 | 0.019285755393530342
0.057124757403647974 0.7706085547749965 0.17226668782135557 | 0.012332876606281839
0.0012683309328720416 0.8797571713701712 0.11897449769695682 | 0.002505114419250336
0.2983728821362578 0.014646950055654471 0.6869801678080878 | 0.007218154056766921
0.33686145979634496 0.09291624935697185 0.5702222908466832 | 0.019285755393530342
0.17226668782135557 0.05712475740364799 0.7706085547749965 | 0.012332876606281839
0.11897449769695678 0.001268330932872076 0.8797571713701712 | 0.002505114419250336
