--
domain: triangle
order: 8
--
0.33333333333333337 0.3333333333333333 0.3333333333333333 | 0.1443156076777872
0.6588613844964795 0.17056930775176027 0.17056930775176027 | 0.10321737053471824
0.08141482341455375 0.4592925882927231 0.4592925882927231 | 0.09509163426728463
0.8989055433659379 0.05054722831703107 0.05054722831703107 | 0.03245849762319808
0.17056930775176027 0.17056930775176027 0.6588613844964795 | 0.10321737053471824
0.4592925882927231 0.4592925882927231 0.08141482341455375 | 0.09509163426728463
0.05054722831703107 0.05054722831703107 0.8989055433659379 | 0.03245849762319808
0.17056930775176027 0.6588613844964795 0.17056930775176027 | 0.10321737053471824
0.4592925882927231 0.08141482341455375 0.4592925882927231 | 0.09509163426728463
0.05054722831703107 0.8989055433659379 0.05054722831703107 | 0.03245849762319808
0.7284923929554042 0.008394777409957675 0.26311282963463806 | 0.027230314174434996
0.263112829634638 0.7284923929554044 0.008394777409957675 | 0.027230314174434996
0.008394777409957532 0.26311282963463806 0.7284923929554044 | 0.027230314174434996
0.7284923929554042 0.26311282963463806 0.008394777409957675 | 0.027230314174434996
0.008394777409957532 0.7284923929554044 0.26311282963463806 | 0.027230314174434996
0.263112829634638 0.008394777409957675 0.7284923929554044 | 0.027230314174434996
