--
domain: triangle
order: 17
--
0.16579311127680163 0.4171034443615992 0.4171034443615992 | 0.027310926528102106
0.6392837674672587 0.18035811626637066 0.18035811626637066 | 0.026312630588017985
0.42858699512682663 0.2857065024365867 0.2857065024365867 | 0.03771623715279528
0.866691873040806 0.06665406347959701 0.06665406347959701 | 0.012459000802305444
0.9704890166784919 0.014755491660754072 0.014755491660754072 | 0.002773887577637642
0.06880425676221946 0.46559787161889027 0.46559787161889027 | 0.02501945095049736
0.4171034443615992 0.4171034443615992 0.16579311127680163 | 0.027310926528102106
0.18035811626637066 0.18035811626637066 0.6392837674672587 | 0.026312630588017985
0.2857065024365867 0.2857065024365867 0.42858699512682663 | 0.03771623715279528
0.06665406347959701 0.06665406347959701 0.866691873040806 | 0.012459000802305444
0.014755491660754072 0.014755491660754072 0.9704890166784919 | 0.002773887577637642
0.4655978716188902 0.46559787161889027 0.06880425676221946 | 0.02501945095049736
0.4171034443615992 0.16579311127680163 0.4171034443615992 | 0.027310926528102106
0.18035811626637066 0.6392837674672587 0.18035811626637066 | 0.026312630588017985
0.2857065024365867 0.42858699512682663 0.2857065024365867 | 0.03771623715279528
0.06665406347959701 0.866691873040806 0.06665406347959701 | 0.012459000802305444
0.014755491660754072 0.9704890166784919 0.014755491660754072 | 0.002773887577637642
0.4655978716188902 0.06880425676221946 0.46559787161889027 | 0.02501945095049736
0.9159193532978169 0.011575175903180683 0.07250547079900238 | 0.004584348401735868
0.571294867944684 0.013229672760086951 0.41547545929522905 | 0.010398439955839537
0.7150722591106424 0.013135870834002753 0.27179187005535477 | 0.008692214501001192
0.5432755795961597 0.15750547792686992 0.29921894247697034 | 0.02617162593533699
0.6263690303864522 0.06734937786736123 0.3062815917461865 | 0.022487772546691067
0.7532351459364581 0.07804234056828245 0.16872251349525944 | 0.02055789832045452
0.824790070165088 0.016017642362119337 0.15919228747279268 | 0.007978300205929593
0.07250547079900238 0.9159193532978169 0.011575175903180683 | 0.004584348401735868
0.415475459295229 0.5712948679446841 0.013229672760086951 | 0.010398439955839537
0.27179187005535477 0.7150722591106424 0.013135870834002753 | 0.008692214501001192
0.29921894247697023 0.5432755795961598 0.15750547792686992 | 0.02617162593533699
0.3062815917461865 0.6263690303864522 0.06734937786736123 | 0.022487772546691067
0.16872251349525946 0.7532351459364581 0.07804234056828245 | 0.02055789832045452
0.15919228747279268 0.824790070165088 0.016017642362119337 | 0.007978300205929593
0.01157517590318069 0.07250547079900238 0.9159193532978169 | 0.004584348401735868
0.013229672760086908 0.41547545929522905 0.5712948679446841 | 0.010398439955839537
0.013135870834002805 0.27179187005535477 0.7150722591106424 | 0.008692214501001192
0.15750547792686986 0.29921894247697034 0.5432755795961598 | 0.02617162593533699
0.06734937786736128 0.3062815917461865 0.6263690303864522 | 0.022487772546691067
0.07804234056828241 0.16872251349525944 0.7532351459364581 | 0.02055789832045452
0.016017642362119333 0.15919228747279268 0.824790070165088 | 0.007978300205929593
0.9159193532978169 0.07250547079900238 0.011575175903180683 | 0.004584348401735868
0.571294867944684 0.41547545929522905 0.013229672760086951 | 0.010398439955839537
0.7150722591106424 0.27179187005535477 0.013135870834002753 | 0.008692214501001192
0.5432755795961597 0.29921894247697034 0.15750547792686992 | 0.02617162593533699
0.6263690303864522 0.3062815917461865 0.06734937786736123 | 0.022487772546691067
0.7532351459364581 0.16872251349525944 0.07804234056828245 | 0.02055789832045452
0.824790070165088 0.15919228747279268 0.016017642362119337 | 0.007978300205929593
0.01157517590318069 0.9159193532978169 0.07250547079900238 | 0.004584348401735868
0.013229672760086908 0.5712948679446841 0.41547545929522905 | 0.010398439955839537
0.013135870834002805 0.7150722591106424 0.27179187005535477 | 0.008692214501001192
0.15750547792686986 0.5432755795961598 0.29921894247697034 | 0.02617162593533699
0.06734937786736128 0.6263690303864522 0.3062815917461865 | 0.022487772546691067
0.07804234056828241 0.7532351459364581 0.16872251349525944 | 0.02055789832045452
0.016017642362119333 0.824790070165088 0.15919228747279268 | 0.007978300205929593
0.07250547079900238 0.011575175903180683 0.9159193532978169 | 0.004584348401735868
0.415475459295229 0.013229672760086951 0.5712948679446841 | 0.010398439955839537
0.27179187005535477 0.013135870834002753 0.7150722591106424 | 0.008692214501001192
0.29921894247697023 0.15750547792686992 0.5432755795961598 | 0.02617162593533699
0.3062815917461865 0.06734937786736123 0.6263690303864522 | 0.022487772546691067
0.16872251349525946 0.07804234056828245 0.7532351459364581 | 0.02055789832045452
0.15919228747279268 0.016017642362119337 0.824790070165088 | 0.007978300205929593
