--
domain: triangle
order: 23
--
0.33333333333333337 0.3333333333333333 0.3333333333333333 | 0.02525306032303621
0.9219854624859356 0.0390072687570322 0.0390072687570322 | 0.003915740259032936
0.039342245325382996 0.4803288773373085 0.4803288773373085 | 0.01139788926780076
0.8263179035847336 0.08684104820763322 0.08684104820763322 | 0.008959917025513542
0.21135298797691693 0.39432350601154154 0.39432350601154154 | 0.023674608463128022
0.46749736424550536 0.2662513178772473 0.2662513178772473 | 0.023807862887499764
0.7257412253767046 0.1371293873116477 0.1371293873116477 | 0.01455944939274175
0.002081137580827397 0.4989594312095863 0.4989594312095863 | 0.0024075446041814095
0.11061511574454497 0.4446924421277275 0.4446924421277275 | 0.018951950669338885
0.6025003872069274 0.19874980639653628 0.19874980639653628 | 0.019935277880105025
0.9819671195888031 0.009016440205598442 0.009016440205598442 | 0.001065361232829315
0.0390072687570322 0.0390072687570322 0.9219854624859356 | 0.003915740259032936
0.48032887733730845 0.4803288773373085 0.039342245325382996 | 0.01139788926780076
0.08684104820763316 0.08684104820763322 0.8263179035847336 | 0.008959917025513542
0.39432350601154154 0.39432350601154154 0.21135298797691693 | 0.023674608463128022
0.2662513178772473 0.2662513178772473 0.46749736424550536 | 0.023807862887499764
0.1371293873116477 0.1371293873116477 0.7257412253767046 | 0.01455944939274175
0.4989594312095863 0.4989594312095863 0.002081137580827397 | 0.0024075446041814095
0.4446924421277275 0.4446924421277275 0.11061511574454497 | 0.018951950669338885
0.19874980639653628 0.19874980639653628 0.6025003872069274 | 0.019935277880105025
0.009016440205598442 0.009016440205598442 0.9819671195888031 | 0.001065361232829315
0.0390072687570322 0.9219854624859356 0.0390072687570322 | 0.003915740259032936
0.48032887733730845 0.039342245325382996 0.4803288773373085 | 0.01139788926780076
0.08684104820763316 0.8263179035847336 0.08684104820763322 | 0.008959917025513542
0.39432350601154154 0.21135298797691693 0.39432350601154154 | 0.023674608463128022
0.2662513178772473 0.46749736424550536 0.2662513178772473 | 0.023807862887499764
0.1371293873116477 0.7257412253767046 0.1371293873116477 | 0.01455944939274175
0.4989594312095863 0.002081137580827397 0.4989594312095863 | 0.0024075446041814095
0.4446924421277275 0.11061511574454497 0.4446924421277275 | 0.018951950669338885
0.19874980639653628 0.6025003872069274 0.19874980639653628 | 0.019935277880105025
0.009016440205598442 0.9819671195888031 0.009016440205598442 | 0.001065361232829315
0.8166259474208892 0.02387025365435361 0.15950379892475722 | 0.002528166055382263
0.8807088179167909 0.005189821760844536 0.11410136032236454 | 0.0022250197297245147
0.8717190926395587 0.0327410291887064 0.0955398781717349 | 0.005328030431194785
0.6863901320923317 0.0024475998559663793 0.31116226805170194 | 0.0022811036762558344
0.7856574783566395 0.008725289585308535 0.20561723205805207 | 0.004114750344416092
0.9455758306400303 0.007162539910244482 0.0472616294497253 | 0.0019525913278907261
0.5729634522431619 0.068526954187213 0.3585095935696251 | 0.014981113393199167
0.6577888986377031 0.10172832932728422 0.2404827720350127 | 0.016121241637017152
0.7687161216332605 0.05835157523751544 0.17293230312922397 | 0.010470256493130067
0.5288655369406456 0.1548301554055162 0.3163043076538381 | 0.02084439585896881
0.5874824534670472 0.014758969729945169 0.39775857680300764 | 0.007097778834521825
0.688212121993365 0.03299370819253279 0.27879416981410227 | 0.010175574656707037
0.1595037989247572 0.8166259474208892 0.02387025365435361 | 0.002528166055382263
0.11410136032236451 0.880708817916791 0.005189821760844536 | 0.0022250197297245147
0.09553987817173493 0.8717190926395587 0.0327410291887064 | 0.005328030431194785
0.311162268051702 0.6863901320923316 0.0024475998559663793 | 0.0022811036762558344
0.20561723205805205 0.7856574783566395 0.008725289585308535 | 0.004114750344416092
0.04726162944972534 0.9455758306400301 0.007162539910244482 | 0.0019525913278907261
0.3585095935696251 0.5729634522431619 0.068526954187213 | 0.014981113393199167
0.24048277203501267 0.6577888986377031 0.10172832932728422 | 0.016121241637017152
0.17293230312922403 0.7687161216332605 0.05835157523751544 | 0.010470256493130067
0.3163043076538381 0.5288655369406456 0.1548301554055162 | 0.02084439585896881
0.39775857680300764 0.5874824534670472 0.014758969729945169 | 0.007097778834521825
0.2787941698141022 0.688212121993365 0.03299370819253279 | 0.010175574656707037
0.02387025365435358 0.15950379892475722 0.8166259474208892 | 0.002528166055382263
0.005189821760844482 0.11410136032236454 0.880708817916791 | 0.0022250197297245147
0.03274102918870636 0.0955398781717349 0.8717190926395587 | 0.005328030431194785
0.0024475998559665424 0.31116226805170194 0.6863901320923316 | 0.0022811036762558344
0.008725289585308493 0.20561723205805207 0.7856574783566395 | 0.004114750344416092
0.007162539910244514 0.0472616294497253 0.9455758306400301 | 0.0019525913278907261
0.068526954187213 0.3585095935696251 0.5729634522431619 | 0.014981113393199167
0.10172832932728426 0.2404827720350127 0.6577888986377031 | 0.016121241637017152
0.05835157523751544 0.17293230312922397 0.7687161216332605 | 0.010470256493130067
0.15483015540551626 0.3163043076538381 0.5288655369406456 | 0.02084439585896881
0.01475896972994517 0.39775857680300764 0.5874824534670472 | 0.007097778834521825
0.03299370819253267 0.27879416981410227 0.688212121993365 | 0.010175574656707037
0.8166259474208892 0.15950379892475722 0.02387025365435361 | 0.002528166055382263
0.8807088179167909 0.11410136032236454 0.005189821760844536 | 0.0022250197297245147
0.8717190926395587 0.0955398781717349 0.0327410291887064 | 0.005328030431194785
0.6863901320923317 0.31116226805170194 0.0024475998559663793 | 0.0022811036762558344
0.7856574783566395 0.20561723205805207 0.008725289585308535 | 0.004114750344416092
0.9455758306400303 0.0472616294497253 0.007162539910244482 | 0.0019525913278907261
0.5729634522431619 0.3585095935696251 0.068526954187213 | 0.014981113393199167
0.6577888986377031 0.2404827720350127 0.10172832932728422 | 0.016121241637017152
0.7687161216332605 0.17293230312922397 0.05835157523751544 | 0.010470256493130067
0.5288655369406456 0.3163043076538381 0.1548301554055162 | 0.02084439585896881
0.5874824534670472 0.39775857680300764 0.014758969729945169 | 0.007097778834521825
0.688212121993365 0.27879416981410227 0.03299370819253279 | 0.010175574656707037
0.02387025365435358 0.8166259474208892 0.15950379892475722 | 0.002528166055382263
0.005189821760844482 0.880708817916791 0.11410136032236454 | 0.0022250197297245147
0.03274102918870636 0.8717190926395587 0.0955398781717349 | 0.005328030431194785
0.0024475998559665424 0.6863901320923316 0.31116226805170194 | 0.0022811036762558344
0.008725289585308493 0.7856574783566395 0.20561723205805207 | 0.004114750344416092
0.007162539910244514 0.9455758306400301 0.0472616294497253 | 0.0019525913278907261
0.068526954187213 0.5729634522431619 0.3585095935696251 | 0.014981113393199167
0.10172832932728426 0.6577888986377031 0.2404827720350127 | 0.016121241637017152
0.05835157523751544 0.7687161216332605 0.17293230312922397 | 0.010470256493130067
0.15483015540551626 0.5288655369406456 0.3163043076538381 | 0.02084439585896881
0.01475896972994517 0.5874824534670472 0.39775857680300764 | 0.007097778834521825
0.03299370819253267 0.688212121993365 0.27879416981410227 | 0.010175574656707037
0.1595037989247572 0.02387025365435361 0.8166259474208892 | 0.002528166055382263
0.11410136032236451 0.005189821760844536 0.880708817916791 | 0.0022250197297245147
0.09553987817173493 0.0327410291887064 0.8717190926395587 | 0.005328030431194785
0.311162268051702 0.0024475998559663793 0.6863901320923316 | 0.0022811036762558344
0.20561723205805205 0.008725289585308535 0.7856574783566395 | 0.004114750344416092
0.04726162944972534 0.007162539910244482 0.9455758306400301 | 0.0019525913278907261
0.3585095935696251 0.068526954187213 0.5729634522431619 | 0.014981113393199167
0.24048277203501267 0.10172832932728422 0.6577888986377031 | 0.016121241637017152
0.17293230312922403 0.05835157523751544 0.7687161216332605 | 0.010470256493130067
0.3163043076538381 0.1548301554055162 0.5288655369406456 | 0.02084439585896881
0.39775857680300764 0.014758969729945169 0.5874824534670472 | 0.007097778834521825
0.2787941698141022 0.03299370819253279 0.688212121993365 | 0.010175574656707037
