--
domain: triangle
order: 22
--
0.22963095074539575 0.3851845246273021 0.3851845246273021 | 0.013493083883610662
0.08446117726465585 0.4577694113676721 0.4577694113676721 | 0.013861399524234192
0.4108834819400997 0.29455825902995014 0.29455825902995014 | 0.021075763957452184
0.622978952739432 0.18851052363028398 0.18851052363028398 | 0.01602129912514889
0.15603622241293014 0.42198188879353493 0.42198188879353493 | 0.018853092553841287
0.007677643180582727 0.49616117840970864 0.49616117840970864 | 0.005289339665984418
0.9417830586583849 0.029108470670807574 0.029108470670807574 | 0.0035691091658563764
0.76913692356159 0.11543153821920499 0.11543153821920499 | 0.014415713128104602
0.3851845246273021 0.3851845246273021 0.22963095074539575 | 0.013493083883610662
0.457769411367672 0.4577694113676721 0.08446117726465585 | 0.013861399524234192
0.29455825902995014 0.29455825902995014 0.4108834819400997 | 0.021075763957452184
0.18851052363028398 0.18851052363028398 0.622978952739432 | 0.01602129912514889
0.42198188879353493 0.42198188879353493 0.15603622241293014 | 0.018853092553841287
0.49616117840970864 0.49616117840970864 0.007677643180582727 | 0.005289339665984418
0.029108470670807574 0.029108470670807574 0.9417830586583849 | 0.0035691091658563764
0.11543153821920504 0.11543153821920499 0.76913692356159 | 0.014415713128104602
0.3851845246273021 0.22963095074539575 0.3851845246273021 | 0.013493083883610662
0.457769411367672 0.08446117726465585 0.4577694113676721 | 0.013861399524234192
0.29455825902995014 0.4108834819400997 0.29455825902995014 | 0.021075763957452184
0.18851052363028398 0.622978952739432 0.18851052363028398 | 0.01602129912514889
0.42198188879353493 0.15603622241293014 0.42198188879353493 | 0.018853092553841287
0.49616117840970864 0.007677643180582727 0.49616117840970864 | 0.005289339665984418
0.029108470670807574 0.9417830586583849 0.029108470670807574 | 0.0035691091658563764
0.11543153821920504 0.76913692356159 0.11543153821920499 | 0.014415713128104602
0.922281548310974 0.007876282221582374 0.06984216946744362 | 0.0025954384742312778
0.8648488844852564 0.04475228434833587 0.09039883116640775 | 0.007517577817788376
0.5503830012785775 0.038275234700863824 0.4113417640205587 | 0.01119731347196277
0.5651468190056221 0.10274707598693139 0.3321061050074464 | 0.01771909348951022
0.630023478332822 0.007400241234710751 0.36257628043246726 | 0.0049042603975569645
0.5188518779166111 0.19108129796672008 0.29006682411666884 | 0.02170641955550896
0.6680765517823724 0.04399164539345585 0.28793180282417186 | 0.011662222867343003
0.6745231247723869 0.10868994186267199 0.21678693336494115 | 0.015710162622570318
0.8449815687515108 0.009144711374964054 0.14587371987352518 | 0.004106687071575556
0.7754476410608586 0.048254924114641384 0.17629743482450005 | 0.010563584967746897
0.7468454447123217 0.009163909248185229 0.24399064603949305 | 0.0050540768975846015
0.9802672139581127 0.0017984649889483744 0.017934321052938986 | 0.0006404285311714258
0.0698421694674436 0.9222815483109741 0.007876282221582374 | 0.0025954384742312778
0.09039883116640779 0.8648488844852563 0.04475228434833587 | 0.007517577817788376
0.41134176402055866 0.5503830012785775 0.038275234700863824 | 0.01119731347196277
0.3321061050074463 0.5651468190056222 0.10274707598693139 | 0.01771909348951022
0.36257628043246726 0.630023478332822 0.007400241234710751 | 0.0049042603975569645
0.29006682411666884 0.5188518779166111 0.19108129796672008 | 0.02170641955550896
0.28793180282417197 0.6680765517823722 0.04399164539345585 | 0.011662222867343003
0.21678693336494115 0.6745231247723869 0.10868994186267199 | 0.015710162622570318
0.14587371987352515 0.8449815687515108 0.009144711374964054 | 0.004106687071575556
0.1762974348245 0.7754476410608586 0.048254924114641384 | 0.010563584967746897
0.24399064603949305 0.7468454447123217 0.009163909248185229 | 0.0050540768975846015
0.017934321052939017 0.9802672139581126 0.0017984649889483744 | 0.0006404285311714258
0.00787628222158232 0.06984216946744362 0.9222815483109741 | 0.0025954384742312778
0.04475228434833589 0.09039883116640775 0.8648488844852563 | 0.007517577817788376
0.03827523470086369 0.4113417640205587 0.5503830012785775 | 0.01119731347196277
0.10274707598693134 0.3321061050074464 0.5651468190056222 | 0.01771909348951022
0.007400241234710725 0.36257628043246726 0.630023478332822 | 0.0049042603975569645
0.19108129796672002 0.29006682411666884 0.5188518779166111 | 0.02170641955550896
0.0439916453934559 0.28793180282417186 0.6680765517823722 | 0.011662222867343003
0.108689941862672 0.21678693336494115 0.6745231247723869 | 0.015710162622570318
0.009144711374964087 0.14587371987352518 0.8449815687515108 | 0.004106687071575556
0.04825492411464127 0.17629743482450005 0.7754476410608586 | 0.010563584967746897
0.00916390924818522 0.24399064603949305 0.7468454447123217 | 0.0050540768975846015
0.0017984649889484228 0.017934321052938986 0.9802672139581126 | 0.0006404285311714258
0.922281548310974 0.06984216946744362 0.007876282221582374 | 0.0025954384742312778
0.8648488844852564 0.09039883116640775 0.04475228434833587 | 0.007517577817788376
0.5503830012785775 0.4113417640205587 0.038275234700863824 | 0.01119731347196277
0.5651468190056221 0.3321061050074464 0.10274707598693139 | 0.01771909348951022
0.630023478332822 0.36257628043246726 0.007400241234710751 | 0.0049042603975569645
0.5188518779166111 0.29006682411666884 0.19108129796672008 | 0.02170641955550896
0.6680765517823724 0.28793180282417186 0.04399164539345585 | 0.011662222867343003
0.6745231247723869 0.21678693336494115 0.10868994186267199 | 0.015710162622570318
0.8449815687515108 0.14587371987352518 0.009144711374964054 | 0.004106687071575556
0.7754476410608586 0.17629743482450005 0.048254924114641384 | 0.010563584967746897
0.7468454447123217 0.24399064603949305 0.009163909248185229 | 0.0050540768975846015
0.9802672139581127 0.017934321052938986 0.0017984649889483744 | 0.0006404285311714258
0.00787628222158232 0.9222815483109741 0.06984216946744362 | 0.0025954384742312778
0.04475228434833589 0.8648488844852563 0.09039883116640775 | 0.007517577817788376
0.03827523470086369 0.5503830012785775 0.4113417640205587 | 0.01119731347196277
0.10274707598693134 0.5651468190056222 0.3321061050074464 | 0.01771909348951022
0.007400241234710725 0.630023478332822 0.36257628043246726 | 0.0049042603975569645
0.19108129796672002 0.5188518779166111 0.29006682411666884 | 0.02170641955550896
0.0439916453934559 0.6680765517823722 0.28793180282417186 | 0.011662222867343003
0.108689941862672 0.6745231247723869 0.21678693336494115 | 0.015710162622570318
0.009144711374964087 0.8449815687515108 0.14587371987352518 | 0.004106687071575556
0.04825492411464127 0.7754476410608586 0.17629743482450005 | 0.010563584967746897
0.00916390924818522 0.7468454447123217 0.24399064603949305 | 0.0050540768975846015
0.0017984649889484228 0.9802672139581126 0.017934321052938986 | 0.0006404285311714258
0.0698421694674436 0.007876282221582374 0.9222815483109741 | 0.0025954384742312778
0.09039883116640779 0.04475228434833587 0.8648488844852563 | 0.007517577817788376
0.41134176402055866 0.038275234700863824 0.5503830012785775 | 0.01119731347196277
0.3321061050074463 0.10274707598693139 0.5651468190056222 | 0.01771909348951022
0.36257628043246726 0.007400241234710751 0.630023478332822 | 0.0049042603975569645
0.29006682411666884 0.19108129796672008 0.5188518779166111 | 0.02170641955550896
0.28793180282417197 0.04399164539345585 0.6680765517823722 | 0.011662222867343003
0.21678693336494115 0.10868994186267199 0.6745231247723869 | 0.015710162622570318
0.14587371987352515 0.009144711374964054 0.8449815687515108 | 0.004106687071575556
0.1762974348245 0.048254924114641384 0.7754476410608586 | 0.010563584967746897
0.24399064603949305 0.009163909248185229 0.7468454447123217 | 0.0050540768975846015
0.017934321052939017 0.0017984649889483744 0.9802672139581126 | 0.0006404285311714258
