--
domain: triangle
order: 24
--
0.33333333333333337 0.3333333333333333 0.3333333333333333 | 0.01254568984560032
0.16221805017879443 0.4188909749106028 0.4188909749106028 | 0.013110532701885239
0.6752787325661471 0.16236063371692644 0.16236063371692644 | 0.010379016056400193
0.9180287419977657 0.04098562900111713 0.04098562900111713 | 0.0038336997309291834
0.9865374582242231 0.006731270887888441 0.006731270887888441 | 0.0006172545054966432
0.007489444648529742 0.49625527767573513 0.49625527767573513 | 0.004343246722170698
0.4715373691234548 0.2642313154382726 0.2642313154382726 | 0.020520008671509844
0.03877487641499355 0.4806125617925032 0.4806125617925032 | 0.010352494770852603
0.8073430088015694 0.0963284955992153 0.0963284955992153 | 0.010027393067388906
0.24929414659582738 0.3753529267020863 0.3753529267020863 | 0.018994586517352658
0.4188909749106028 0.4188909749106028 0.16221805017879443 | 0.013110532701885239
0.16236063371692644 0.16236063371692644 0.6752787325661471 | 0.010379016056400193
0.04098562900111713 0.04098562900111713 0.9180287419977657 | 0.0038336997309291834
0.006731270887888385 0.006731270887888441 0.9865374582242231 | 0.0006172545054966432
0.4962552776757352 0.49625527767573513 0.007489444648529742 | 0.004343246722170698
0.2642313154382726 0.2642313154382726 0.4715373691234548 | 0.020520008671509844
0.4806125617925032 0.4806125617925032 0.03877487641499355 | 0.010352494770852603
0.0963284955992153 0.0963284955992153 0.8073430088015694 | 0.010027393067388906
0.3753529267020863 0.3753529267020863 0.24929414659582738 | 0.018994586517352658
0.4188909749106028 0.16221805017879443 0.4188909749106028 | 0.013110532701885239
0.16236063371692644 0.6752787325661471 0.16236063371692644 | 0.010379016056400193
0.04098562900111713 0.9180287419977657 0.04098562900111713 | 0.0038336997309291834
0.006731270887888385 0.9865374582242231 0.006731270887888441 | 0.0006172545054966432
0.4962552776757352 0.007489444648529742 0.49625527767573513 | 0.004343246722170698
0.2642313154382726 0.4715373691234548 0.2642313154382726 | 0.020520008671509844
0.4806125617925032 0.03877487641499355 0.4806125617925032 | 0.010352494770852603
0.0963284955992153 0.8073430088015694 0.0963284955992153 | 0.010027393067388906
0.3753529267020863 0.24929414659582738 0.3753529267020863 | 0.018994586517352658
0.5881529574639623 0.17036728246244368 0.241479760073594 | 0.014145045806484846
0.5012643952150376 0.169759795860736 0.3289758089242264 | 0.015274442601324626
0.8685143643990995 0.03831822582101938 0.09316740977988115 | 0.005366271454167768
0.5128232386790481 0.09265648152075752 0.39452027980019433 | 0.015031854349741339
0.7961338693570472 0.041188714248475373 0.16267741639447741 | 0.0072041341747974275
0.7068400808109625 0.03957090497015804 0.25358901421887947 | 0.008904876928163564
0.5991550585073127 0.038592700174896126 0.36225224131779127 | 0.009947251875682418
0.6238424605572401 0.09453496173659899 0.28162257770616084 | 0.014352351578157454
0.6093393403750466 0.007387994632294238 0.3832726649926592 | 0.004242149266803769
0.7187036443214267 0.007546003162312815 0.2737503525162605 | 0.004081275077116451
0.8986440987448518 0.007234558457782137 0.09412134279736603 | 0.002589212382397985
0.724037578585869 0.09556626952736523 0.18039615188676572 | 0.01184356214254311
0.8172747318363464 0.007987921880847964 0.17473734628280568 | 0.0037072267642463083
0.9546336170785 0.008074910870208776 0.03729147205129122 | 0.0017969475854465765
0.24147976007359395 0.5881529574639623 0.17036728246244368 | 0.014145045806484846
0.3289758089242264 0.5012643952150376 0.169759795860736 | 0.015274442601324626
0.09316740977988114 0.8685143643990995 0.03831822582101938 | 0.005366271454167768
0.39452027980019433 0.5128232386790481 0.09265648152075752 | 0.015031854349741339
0.16267741639447741 0.7961338693570472 0.041188714248475373 | 0.0072041341747974275
0.25358901421887947 0.7068400808109625 0.03957090497015804 | 0.008904876928163564
0.3622522413177912 0.5991550585073127 0.038592700174896126 | 0.009947251875682418
0.28162257770616084 0.6238424605572401 0.09453496173659899 | 0.014352351578157454
0.3832726649926592 0.6093393403750466 0.007387994632294238 | 0.004242149266803769
0.27375035251626045 0.7187036443214267 0.007546003162312815 | 0.004081275077116451
0.09412134279736606 0.8986440987448518 0.007234558457782137 | 0.002589212382397985
0.18039615188676572 0.724037578585869 0.09556626952736523 | 0.01184356214254311
0.17473734628280568 0.8172747318363464 0.007987921880847964 | 0.0037072267642463083
0.03729147205129124 0.9546336170785 0.008074910870208776 | 0.0017969475854465765
0.1703672824624436 0.241479760073594 0.5881529574639623 | 0.014145045806484846
0.16975979586073597 0.3289758089242264 0.5012643952150376 | 0.015274442601324626
0.0383182258210194 0.09316740977988115 0.8685143643990995 | 0.005366271454167768
0.09265648152075756 0.39452027980019433 0.5128232386790481 | 0.015031854349741339
0.04118871424847537 0.16267741639447741 0.7961338693570472 | 0.0072041341747974275
0.03957090497015803 0.25358901421887947 0.7068400808109625 | 0.008904876928163564
0.03859270017489602 0.36225224131779127 0.5991550585073127 | 0.009947251875682418
0.09453496173659903 0.28162257770616084 0.6238424605572401 | 0.014352351578157454
0.007387994632294226 0.3832726649926592 0.6093393403750466 | 0.004242149266803769
0.007546003162312687 0.2737503525162605 0.7187036443214267 | 0.004081275077116451
0.007234558457782092 0.09412134279736603 0.8986440987448518 | 0.002589212382397985
0.09556626952736524 0.18039615188676572 0.724037578585869 | 0.01184356214254311
0.007987921880847959 0.17473734628280568 0.8172747318363464 | 0.0037072267642463083
0.008074910870208729 0.03729147205129122 0.9546336170785 | 0.0017969475854465765
0.5881529574639623 0.241479760073594 0.17036728246244368 | 0.014145045806484846
0.5012643952150376 0.3289758089242264 0.169759795860736 | 0.015274442601324626
0.8685143643990995 0.09316740977988115 0.03831822582101938 | 0.005366271454167768
0.5128232386790481 0.39452027980019433 0.09265648152075752 | 0.015031854349741339
0.7961338693570472 0.16267741639447741 0.041188714248475373 | 0.0072041341747974275
0.7068400808109625 0.25358901421887947 0.03957090497015804 | 0.008904876928163564
0.5991550585073127 0.36225224131779127 0.038592700174896126 | 0.009947251875682418
0.6238424605572401 0.28162257770616084 0.09453496173659899 | 0.014352351578157454
0.6093393403750466 0.3832726649926592 0.007387994632294238 | 0.004242149266803769
0.7187036443214267 0.2737503525162605 0.007546003162312815 | 0.004081275077116451
0.8986440987448518 0.09412134279736603 0.007234558457782137 | 0.002589212382397985
0.724037578585869 0.18039615188676572 0.09556626952736523 | 0.01184356214254311
0.8172747318363464 0.17473734628280568 0.007987921880847964 | 0.0037072267642463083
0.9546336170785 0.03729147205129122 0.008074910870208776 | 0.0017969475854465765
0.1703672824624436 0.5881529574639623 0.241479760073594 | 0.014145045806484846
0.16975979586073597 0.5012643952150376 0.3289758089242264 | 0.015274442601324626
0.0383182258210194 0.8685143643990995 0.09316740977988115 | 0.005366271454167768
0.09265648152075756 0.5128232386790481 0.39452027980019433 | 0.015031854349741339
0.04118871424847537 0.7961338693570472 0.16267741639447741 | 0.0072041341747974275
0.03957090497015803 0.7068400808109625 0.25358901421887947 | 0.008904876928163564
0.03859270017489602 0.5991550585073127 0.36225224131779127 | 0.009947251875682418
0.09453496173659903 0.6238424605572401 0.28162257770616084 | 0.014352351578157454
0.007387994632294226 0.6093393403750466 0.3832726649926592 | 0.004242149266803769
0.007546003162312687 0.7187036443214267 0.2737503525162605 | 0.004081275077116451
0.007234558457782092 0.8986440987448518 0.09412134279736603 | 0.002589212382397985
0.09556626952736524 0.724037578585869 0.18039615188676572 | 0.01184356214254311
0.007987921880847959 0.8172747318363464 0.17473734628280568 | 0.0037072267642463083
0.008074910870208729 0.9546336170785 0.03729147205129122 | 0.0017969475854465765
0.24147976007359395 0.17036728246244368 0.5881529574639623 | 0.014145045806484846
0.3289758089242264 0.169759795860736 0.5012643952150376 | 0.015274442601324626
0.09316740977988114 0.03831822582101938 0.8685143643990995 | 0.005366271454167768
0.39452027980019433 0.09265648152075752 0.5128232386790481 | 0.015031854349741339
0.16267741639447741 0.041188714248475373 0.7961338693570472 | 0.0072041341747974275
0.25358901421887947 0.03957090497015804 0.7068400808109625 | 0.008904876928163564
0.3622522413177912 0.038592700174896126 0.5991550585073127 | 0.009947251875682418
0.28162257770616084 0.09453496173659899 0.6238424605572401 | 0.014352351578157454
0.3832726649926592 0.007387994632294238 0.6093393403750466 | 0.004242149266803769
0.27375035251626045 0.007546003162312815 0.7187036443214267 | 0.004081275077116451
0.09412134279736606 0.007234558457782137 0.8986440987448518 | 0.002589212382397985
0.18039615188676572 0.09556626952736523 0.724037578585869 | 0.01184356214254311
0.17473734628280568 0.007987921880847964 0.8172747318363464 | 0.0037072267642463083
0.03729147205129124 0.008074910870208776 0.9546336170785 | 0.0017969475854465765
