--
domain: triangle
order: 25
--
0.22471593919087318 0.3876420304045634 0.3876420304045634 | 0.013689851548272245
0.5779909838770066 0.21100450806149668 0.21100450806149668 | 0.011587263236010593
0.40101536839098295 0.2994923158045085 0.2994923158045085 | 0.018017640701701476
0.9255541480151183 0.03722292599244087 0.03722292599244087 | 0.003397297721904736
0.7097815128509992 0.1451092435745004 0.1451092435745004 | 0.011491525862564798
0.1504813909188505 0.42475930454057476 0.42475930454057476 | 0.01591131013745842
0.07558258250258776 0.4622087087487061 0.4622087087487061 | 0.013654275187528014
0.8141005965984601 0.09294970170076994 0.09294970170076994 | 0.009182821259820036
0.9843293114347923 0.007835344282603851 0.007835344282603851 | 0.0008065102883246168
0.021921260679209076 0.48903936966039546 0.48903936966039546 | 0.008444085946521077
0.38764203040456335 0.3876420304045634 0.22471593919087318 | 0.013689851548272245
0.21100450806149662 0.21100450806149668 0.5779909838770066 | 0.011587263236010593
0.2994923158045085 0.2994923158045085 0.40101536839098295 | 0.018017640701701476
0.037222925992440814 0.03722292599244087 0.9255541480151183 | 0.003397297721904736
0.1451092435745004 0.1451092435745004 0.7097815128509992 | 0.011491525862564798
0.42475930454057476 0.42475930454057476 0.1504813909188505 | 0.01591131013745842
0.4622087087487061 0.4622087087487061 0.07558258250258776 | 0.013654275187528014
0.09294970170076988 0.09294970170076994 0.8141005965984601 | 0.009182821259820036
0.007835344282603796 0.007835344282603851 0.9843293114347923 | 0.0008065102883246168
0.4890393696603954 0.48903936966039546 0.021921260679209076 | 0.008444085946521077
0.38764203040456335 0.22471593919087318 0.3876420304045634 | 0.013689851548272245
0.21100450806149662 0.5779909838770066 0.21100450806149668 | 0.011587263236010593
0.2994923158045085 0.40101536839098295 0.2994923158045085 | 0.018017640701701476
0.037222925992440814 0.9255541480151183 0.03722292599244087 | 0.003397297721904736
0.1451092435745004 0.7097815128509992 0.1451092435745004 | 0.011491525862564798
0.42475930454057476 0.1504813909188505 0.42475930454057476 | 0.01591131013745842
0.4622087087487061 0.07558258250258776 0.4622087087487061 | 0.013654275187528014
0.09294970170076988 0.8141005965984601 0.09294970170076994 | 0.009182821259820036
0.007835344282603796 0.9843293114347923 0.007835344282603851 | 0.0008065102883246168
0.4890393696603954 0.021921260679209076 0.48903936966039546 | 0.008444085946521077
0.5577642058863823 0.0018188666342743875 0.4404169274793433 | 0.0016748178319347053
0.8040319522230006 0.03696014157967147 0.15900790619732788 | 0.006311478024759274
0.7437881352371118 0.07885806800563527 0.1773537967572529 | 0.009515021567455772
0.6610857347475427 0.06884752943149791 0.2700667358209594 | 0.01088439361243692
0.5426091593378899 0.11599980764096017 0.34139103302114987 | 0.015840352287898436
0.5777445859930386 0.04831743428737695 0.3739379797195844 | 0.010640170695508785
0.8937386221570603 0.007128314501257424 0.09913306334168219 | 0.0025452716253490143
0.4968006707860745 0.20369291058425096 0.29950641862967453 | 0.01791382089227606
0.8141339896484356 0.007236161747948156 0.17862984860361625 | 0.003263739682049243
0.6250173148539955 0.012913883250032529 0.362068801895972 | 0.005454638367974429
0.8735191347263744 0.037687949784259066 0.08879291548936656 | 0.00527256192142942
0.6293704957712138 0.13700669408707095 0.23362281014171524 | 0.013740082592022551
0.7188645300434559 0.02454006024752439 0.2565954097090198 | 0.007314340907932847
0.9517423526265223 0.007188828261693038 0.041068819111784644 | 0.0016929836341273324
0.7196923470332411 0.0008914643174981278 0.2794161886492607 | 0.0015117020784588804
0.44041692747934325 0.5577642058863823 0.0018188666342743875 | 0.0016748178319347053
0.15900790619732785 0.8040319522230007 0.03696014157967147 | 0.006311478024759274
0.17735379675725294 0.7437881352371118 0.07885806800563527 | 0.009515021567455772
0.2700667358209594 0.6610857347475427 0.06884752943149791 | 0.01088439361243692
0.3413910330211499 0.5426091593378899 0.11599980764096017 | 0.015840352287898436
0.3739379797195843 0.5777445859930387 0.04831743428737695 | 0.010640170695508785
0.09913306334168215 0.8937386221570605 0.007128314501257424 | 0.0025452716253490143
0.29950641862967453 0.4968006707860745 0.20369291058425096 | 0.01791382089227606
0.1786298486036162 0.8141339896484356 0.007236161747948156 | 0.003263739682049243
0.362068801895972 0.6250173148539955 0.012913883250032529 | 0.005454638367974429
0.08879291548936652 0.8735191347263744 0.037687949784259066 | 0.00527256192142942
0.23362281014171526 0.6293704957712138 0.13700669408707095 | 0.013740082592022551
0.25659540970901984 0.7188645300434557 0.02454006024752439 | 0.007314340907932847
0.041068819111784616 0.9517423526265223 0.007188828261693038 | 0.0016929836341273324
0.27941618864926066 0.7196923470332413 0.0008914643174981278 | 0.0015117020784588804
0.0018188666342744408 0.4404169274793433 0.5577642058863823 | 0.0016748178319347053
0.036960141579671424 0.15900790619732788 0.8040319522230007 | 0.006311478024759274
0.07885806800563522 0.1773537967572529 0.7437881352371118 | 0.009515021567455772
0.06884752943149786 0.2700667358209594 0.6610857347475427 | 0.01088439361243692
0.1159998076409603 0.34139103302114987 0.5426091593378899 | 0.015840352287898436
0.04831743428737689 0.3739379797195844 0.5777445859930387 | 0.010640170695508785
0.007128314501257393 0.09913306334168219 0.8937386221570605 | 0.0025452716253490143
0.20369291058425099 0.29950641862967453 0.4968006707860745 | 0.01791382089227606
0.007236161747948167 0.17862984860361625 0.8141339896484356 | 0.003263739682049243
0.01291388325003251 0.362068801895972 0.6250173148539955 | 0.005454638367974429
0.037687949784259045 0.08879291548936656 0.8735191347263744 | 0.00527256192142942
0.1370066940870709 0.23362281014171524 0.6293704957712138 | 0.013740082592022551
0.02454006024752453 0.2565954097090198 0.7188645300434557 | 0.007314340907932847
0.007188828261693092 0.041068819111784644 0.9517423526265223 | 0.0016929836341273324
0.0008914643174979808 0.2794161886492607 0.7196923470332413 | 0.0015117020784588804
0.5577642058863823 0.4404169274793433 0.0018188666342743875 | 0.0016748178319347053
0.8040319522230006 0.15900790619732788 0.03696014157967147 | 0.006311478024759274
0.7437881352371118 0.1773537967572529 0.07885806800563527 | 0.009515021567455772
0.6610857347475427 0.2700667358209594 0.06884752943149791 | 0.01088439361243692
0.5426091593378899 0.34139103302114987 0.11599980764096017 | 0.015840352287898436
0.5777445859930386 0.3739379797195844 0.04831743428737695 | 0.010640170695508785
0.8937386221570603 0.09913306334168219 0.007128314501257424 | 0.0025452716253490143
0.4968006707860745 0.29950641862967453 0.20369291058425096 | 0.01791382089227606
0.8141339896484356 0.17862984860361625 0.007236161747948156 | 0.003263739682049243
0.6250173148539955 0.362068801895972 0.012913883250032529 | 0.005454638367974429
0.8735191347263744 0.08879291548936656 0.037687949784259066 | 0.00527256192142942
0.6293704957712138 0.23362281014171524 0.13700669408707095 | 0.013740082592022551
0.7188645300434559 0.2565954097090198 0.02454006024752439 | 0.007314340907932847
0.9517423526265223 0.041068819111784644 0.007188828261693038 | 0.0016929836341273324
0.7196923470332411 0.2794161886492607 0.0008914643174981278 | 0.0015117020784588804
0.0018188666342744408 0.5577642058863823 0.4404169274793433 | 0.0016748178319347053
0.036960141579671424 0.8040319522230007 0.15900790619732788 | 0.006311478024759274
0.07885806800563522 0.7437881352371118 0.1773537967572529 | 0.009515021567455772
0.06884752943149786 0.6610857347475427 0.2700667358209594 | 0.01088439361243692
0.1159998076409603 0.5426091593378899 0.34139103302114987 | 0.015840352287898436
0.04831743428737689 0.5777445859930387 0.3739379797195844 | 0.010640170695508785
0.007128314501257393 0.8937386221570605 0.09913306334168219 | 0.0025452716253490143
0.20369291058425099 0.4968006707860745 0.29950641862967453 | 0.01791382089227606
0.007236161747948167 0.8141339896484356 0.17862984860361625 | 0.003263739682049243
0.01291388325003251 0.6250173148539955 0.362068801895972 | 0.005454638367974429
0.037687949784259045 0.8735191347263744 0.08879291548936656 | 0.00527256192142942
0.1370066940870709 0.6293704957712138 0.23362281014171524 | 0.013740082592022551
0.02454006024752453 0.7188645300434557 0.2565954097090198 | 0.007314340907932847
0.007188828261693092 0.9517423526265223 0.041068819111784644 | 0.0016929836341273324
0.0008914643174979808 0.7196923470332413 0.2794161886492607 | 0.0015117020784588804
0.44041692747934325 0.0018188666342743875 0.5577642058863823 | 0.0016748178319347053
0.15900790619732785 0.03696014157967147 0.8040319522230007 | 0.006311478024759274
0.17735379675725294 0.07885806800563527 0.7437881352371118 | 0.009515021567455772
0.2700667358209594 0.06884752943149791 0.6610857347475427 | 0.01088439361243692
0.3413910330211499 0.11599980764096017 0.5426091593378899 | 0.015840352287898436
0.3739379797195843 0.04831743428737695 0.5777445859930387 | 0.010640170695508785
0.09913306334168215 0.007128314501257424 0.8937386221570605 | 0.0025452716253490143
0.29950641862967453 0.20369291058425096 0.4968006707860745 | 0.01791382089227606
0.1786298486036162 0.007236161747948156 0.8141339896484356 | 0.003263739682049243
0.362068801895972 0.012913883250032529 0.6250173148539955 | 0.005454638367974429
0.08879291548936652 0.037687949784259066 0.8735191347263744 | 0.00527256192142942
0.23362281014171526 0.13700669408707095 0.6293704957712138 | 0.013740082592022551
0.25659540970901984 0.02454006024752439 0.7188645300434557 | 0.007314340907932847
0.041068819111784616 0.007188828261693038 0.9517423526265223 | 0.0016929836341273324
0.27941618864926066 0.0008914643174981278 0.7196923470332413 | 0.0015117020784588804
