--
domain: triangle
order: 10
--
0.33333333333333337 0.3333333333333333 0.3333333333333333 | 0.041807437186986963
0.009653080397658997 0.4951734598011705 0.4951734598011705 | 0.004896295249209152
0.9617211695143174 0.019139415242841296 0.019139415242841296 | 0.003192679615059327
0.6310299746295069 0.18448501268524653 0.18448501268524653 | 0.039316884873188636
0.14353035811256232 0.42823482094371884 0.42823482094371884 | 0.03762366398427199
0.49517345980117056 0.4951734598011705 0.009653080397658997 | 0.004896295249209152
0.01913941524284124 0.019139415242841296 0.9617211695143174 | 0.003192679615059327
0.18448501268524653 0.18448501268524653 0.6310299746295069 | 0.039316884873188636
0.4282348209437188 0.42823482094371884 0.14353035811256232 | 0.03762366398427199
0.49517345980117056 0.009653080397658997 0.4951734598011705 | 0.004896295249209152
0.01913941524284124 0.9617211695143174 0.019139415242841296 | 0.003192679615059327
0.18448501268524653 0.6310299746295069 0.18448501268524653 | 0.039316884873188636
0.4282348209437188 0.14353035811256232 0.42823482094371884 | 0.03762366398427199
0.8315416244168035 0.03472362048232748 0.13373475510086913 | 0.014481140731628171
0.6357241363774715 0.03758272734119169 0.3266931362813369 | 0.019369524543009452
0.13373475510086907 0.8315416244168035 0.03472362048232748 | 0.014481140731628171
0.3266931362813369 0.6357241363774714 0.03758272734119169 | 0.019369524543009452
0.034723620482327355 0.13373475510086913 0.8315416244168035 | 0.014481140731628171
0.037582727341191724 0.3266931362813369 0.6357241363774714 | 0.019369524543009452
0.8315416244168035 0.13373475510086913 0.03472362048232748 | 0.014481140731628171
0.6357241363774715 0.3266931362813369 0.03758272734119169 | 0.019369524543009452
0.034723620482327355 0.8315416244168035 0.13373475510086913 | 0.014481140731628171
0.037582727341191724 0.6357241363774714 0.3266931362813369 | 0.019369524543009452
0.13373475510086907 0.03472362048232748 0.8315416244168035 | 0.014481140731628171
0.3266931362813369 0.03758272734119169 0.6357241363774714 | 0.019369524543009452
