--
domain: triangle
order: 15
--
0.33333333333333337 0.3333333333333333 0.3333333333333333 | 0.02973041974807132
0.7400435401338442 0.1299782299330779 0.1299782299330779 | 0.0073975040670461
0.07984610140588055 0.4600769492970597 0.4600769492970597 | 0.021594087936438452
0.016628366739405598 0.4916858166302972 0.4916858166302972 | 0.0158322763500218
0.5569353184097159 0.22153234079514206 0.22153234079514206 | 0.046287286105198076
0.20613252518187886 0.39693373740906057 0.39693373740906057 | 0.046336041391207235
0.8873161646077996 0.0563419176961002 0.0563419176961002 | 0.015084474247597068
0.12997822993307784 0.1299782299330779 0.7400435401338442 | 0.0073975040670461
0.4600769492970598 0.4600769492970597 0.07984610140588055 | 0.021594087936438452
0.4916858166302972 0.4916858166302972 0.016628366739405598 | 0.0158322763500218
0.22153234079514206 0.22153234079514206 0.5569353184097159 | 0.046287286105198076
0.39693373740906057 0.39693373740906057 0.20613252518187886 | 0.046336041391207235
0.0563419176961002 0.0563419176961002 0.8873161646077996 | 0.015084474247597068
0.12997822993307784 0.7400435401338442 0.1299782299330779 | 0.0073975040670461
0.4600769492970598 0.07984610140588055 0.4600769492970597 | 0.021594087936438452
0.4916858166302972 0.016628366739405598 0.4916858166302972 | 0.0158322763500218
0.22153234079514206 0.5569353184097159 0.22153234079514206 | 0.046287286105198076
0.39693373740906057 0.20613252518187886 0.39693373740906057 | 0.046336041391207235
0.0563419176961002 0.8873161646077996 0.0563419176961002 | 0.015084474247597068
0.7330839951106168 0.08459422148219181 0.18232178340719132 | 0.024230008783125607
0.8337725261484158 0.016027089786345473 0.15020038406523872 | 0.01122850429887806
0.5792382424060449 0.09765044243024235 0.32311131516371266 | 0.03107522047051095
0.6735980666116939 0.018454251904633165 0.3079476814836729 | 0.016436762092827895
0.9608512354248769 0.0011135352740137417 0.03803522930110929 | 0.0024752660145579163
0.1823217834071913 0.733083995110617 0.08459422148219181 | 0.024230008783125607
0.15020038406523872 0.8337725261484158 0.016027089786345473 | 0.01122850429887806
0.3231113151637127 0.5792382424060449 0.09765044243024235 | 0.03107522047051095
0.3079476814836729 0.673598066611694 0.018454251904633165 | 0.016436762092827895
0.03803522930110925 0.960851235424877 0.0011135352740137417 | 0.0024752660145579163
0.08459422148219176 0.18232178340719132 0.733083995110617 | 0.024230008783125607
0.016027089786345483 0.15020038406523872 0.8337725261484158 | 0.01122850429887806
0.09765044243024246 0.32311131516371266 0.5792382424060449 | 0.03107522047051095
0.018454251904633123 0.3079476814836729 0.673598066611694 | 0.016436762092827895
0.0011135352740136994 0.03803522930110929 0.960851235424877 | 0.0024752660145579163
0.7330839951106168 0.18232178340719132 0.08459422148219181 | 0.024230008783125607
0.8337725261484158 0.15020038406523872 0.016027089786345473 | 0.01122850429887806
0.5792382424060449 0.32311131516371266 0.09765044243024235 | 0.03107522047051095
0.6735980666116939 0.3079476814836729 0.018454251904633165 | 0.016436762092827895
0.9608512354248769 0.03803522930110929 0.0011135352740137417 | 0.0024752660145579163
0.08459422148219176 0.733083995110617 0.18232178340719132 | 0.024230008783125607
0.016027089786345483 0.8337725261484158 0.15020038406523872 | 0.01122850429887806
0.09765044243024246 0.5792382424060449 0.32311131516371266 | 0.03107522047051095
0.018454251904633123 0.673598066611694 0.3079476814836729 | 0.016436762092827895
0.0011135352740136994 0.960851235424877 0.03803522930110929 | 0.0024752660145579163
0.1823217834071913 0.08459422148219181 0.733083995110617 | 0.024230008783125607
0.15020038406523872 0.016027089786345473 0.8337725261484158 | 0.01122850429887806
0.3231113151637127 0.09765044243024235 0.5792382424060449 | 0.03107522047051095
0.3079476814836729 0.018454251904633165 0.673598066611694 | 0.016436762092827895
0.03803522930110925 0.0011135352740137417 0.960851235424877 | 0.0024752660145579163
