--
domain: triangle
order: 7
--
0.05360869262149792 0.47319565368925104 0.47319565368925104 | 0.02659041664838023
0.884404719890987 0.057797640054506494 0.057797640054506494 | 0.020459085197028434
0.5166727872055051 0.24166360639724743 0.24166360639724743 | 0.06386262428056692
0.473195653689251 0.47319565368925104 0.05360869262149792 | 0.02659041664838023
0.057797640054506494 0.057797640054506494 0.884404719890987 | 0.020459085197028434
0.2416636063972475 0.24166360639724743 0.5166727872055051 | 0.06386262428056692
0.473195653689251 0.05360869262149792 0.47319565368925104 | 0.02659041664838023
0.057797640054506494 0.884404719890987 0.057797640054506494 | 0.020459085197028434
0.2416636063972475 0.5166727872055051 0.24166360639724743 | 0.06386262428056692
0.6936897820041288 0.046971206130085534 0.2593390118657857 | 0.027877270270345547
0.2593390118657857 0.6936897820041288 0.046971206130085534 | 0.027877270270345547
0.04697120613008554 0.2593390118657857 0.6936897820041288 | 0.027877270270345547
0.6936897820041288 0.2593390118657857 0.046971206130085534 | 0.027877270270345547
0.04697120613008554 0.6936897820041288 0.2593390118657857 | 0.027877270270345547
0.2593390118657857 0.046971206130085534 0.6936897820041288 | 0.027877270270345547
