--
domain: triangle
order: 16
--
0.33333333333333337 0.3333333333333333 0.3333333333333333 | 0.046227910314191344
0.8666510555195233 0.06667447224023837 0.06667447224023837 | 0.012425425595561009
0.5173566385972432 0.24132168070137838 0.24132168070137838 | 0.04118404106979255
0.1744038080895527 0.41279809595522365 0.41279809595522365 | 0.040985219786815366
0.6998725268259297 0.15006373658703515 0.15006373658703515 | 0.02878349670274891
0.060903938006630076 0.46954803099668496 0.46954803099668496 | 0.02709366946771045
0.965916741188563 0.017041629405718517 0.017041629405718517 | 0.003789135238264222
0.06667447224023837 0.06667447224023837 0.8666510555195233 | 0.012425425595561009
0.24132168070137838 0.24132168070137838 0.5173566385972432 | 0.04118404106979255
0.41279809595522365 0.41279809595522365 0.1744038080895527 | 0.040985219786815366
0.1500637365870352 0.15006373658703515 0.6998725268259297 | 0.02878349670274891
0.46954803099668496 0.46954803099668496 0.060903938006630076 | 0.02709366946771045
0.017041629405718517 0.017041629405718517 0.965916741188563 | 0.003789135238264222
0.06667447224023837 0.8666510555195233 0.06667447224023837 | 0.012425425595561009
0.24132168070137838 0.5173566385972432 0.24132168070137838 | 0.04118404106979255
0.41279809595522365 0.1744038080895527 0.41279809595522365 | 0.040985219786815366
0.1500637365870352 0.6998725268259297 0.15006373658703515 | 0.02878349670274891
0.46954803099668496 0.060903938006630076 0.46954803099668496 | 0.02709366946771045
0.017041629405718517 0.965916741188563 0.017041629405718517 | 0.003789135238264222
0.5765655597692545 0.009664954403660254 0.41376948582708517 | 0.008182210553222139
0.6655146084153338 0.030305943355186365 0.30417944822947973 | 0.013983607124653567
0.8995779382011904 0.010812972776103751 0.08960908902270585 | 0.005751869970497159
0.5967314670634687 0.10665316053614844 0.29661537240038294 | 0.031646061681983244
0.7788823295056971 0.051354315344013114 0.16976335515028973 | 0.017653081047103284
0.7822542773667971 0.0036969427073556124 0.21404877992584728 | 0.0046146906397291345
0.41376948582708517 0.5765655597692546 0.009664954403660254 | 0.008182210553222139
0.30417944822947973 0.6655146084153339 0.030305943355186365 | 0.013983607124653567
0.08960908902270581 0.8995779382011905 0.010812972776103751 | 0.005751869970497159
0.29661537240038294 0.5967314670634686 0.10665316053614844 | 0.031646061681983244
0.16976335515028973 0.7788823295056971 0.051354315344013114 | 0.017653081047103284
0.21404877992584725 0.7822542773667971 0.0036969427073556124 | 0.0046146906397291345
0.00966495440366022 0.41376948582708517 0.5765655597692546 | 0.008182210553222139
0.030305943355186327 0.30417944822947973 0.6655146084153339 | 0.013983607124653567
0.010812972776103713 0.08960908902270585 0.8995779382011905 | 0.005751869970497159
0.10665316053614848 0.29661537240038294 0.5967314670634686 | 0.031646061681983244
0.051354315344013135 0.16976335515028973 0.7788823295056971 | 0.017653081047103284
0.003696942707355655 0.21404877992584728 0.7822542773667971 | 0.0046146906397291345
0.5765655597692545 0.41376948582708517 0.009664954403660254 | 0.008182210553222139
0.6655146084153338 0.30417944822947973 0.030305943355186365 | 0.013983607124653567
0.8995779382011904 0.08960908902270585 0.010812972776103751 | 0.005751869970497159
0.5967314670634687 0.29661537240038294 0.10665316053614844 | 0.031646061681983244
0.7788823295056971 0.16976335515028973 0.051354315344013114 | 0.017653081047103284
0.7822542773667971 0.21404877992584728 0.0036969427073556124 | 0.0046146906397291345
0.00966495440366022 0.5765655597692546 0.41376948582708517 | 0.008182210553222139
0.030305943355186327 0.6655146084153339 0.30417944822947973 | 0.013983607124653567
0.010812972776103713 0.8995779382011905 0.08960908902270585 | 0.005751869970497159
0.10665316053614848 0.5967314670634686 0.29661537240038294 | 0.031646061681983244
0.051354315344013135 0.7788823295056971 0.16976335515028973 | 0.017653081047103284
0.003696942707355655 0.7822542773667971 0.21404877992584728 | 0.0046146906397291345
0.41376948582708517 0.009664954403660254 0.5765655597692546 | 0.008182210553222139
0.30417944822947973 0.030305943355186365 0.6655146084153339 | 0.013983607124653567
0.08960908902270581 0.010812972776103751 0.8995779382011905 | 0.005751869970497159
0.29661537240038294 0.10665316053614844 0.5967314670634686 | 0.031646061681983244
0.16976335515028973 0.051354315344013114 0.7788823295056971 | 0.017653081047103284
0.21404877992584725 0.0036969427073556124 0.7822542773667971 | 0.0046146906397291345
