--
domain: triangle
order: 13
--
0.33333333333333337 0.3333333333333333 0.3333333333333333 | 0.05162264666429082
0.007728210517907841 0.4961358947410461 0.4961358947410461 | 0.009941476361072588
0.06078262069301621 0.4696086896534919 0.4696086896534919 | 0.03278124160372298
0.5377794301018355 0.23111028494908226 0.23111028494908226 | 0.04606240959277825
0.17104485944189085 0.4144775702790546 0.4144775702790546 | 0.0469470955421552
0.7728801748557335 0.11355991257213327 0.11355991257213327 | 0.030903097975759793
0.950208137017567 0.024895931491216494 0.024895931491216494 | 0.008029399795258423
0.49613589474104614 0.4961358947410461 0.007728210517907841 | 0.009941476361072588
0.4696086896534919 0.4696086896534919 0.06078262069301621 | 0.03278124160372298
0.23111028494908226 0.23111028494908226 0.5377794301018355 | 0.04606240959277825
0.41447757027905463 0.4144775702790546 0.17104485944189085 | 0.0469470955421552
0.11355991257213327 0.11355991257213327 0.7728801748557335 | 0.030903097975759793
0.024895931491216494 0.024895931491216494 0.950208137017567 | 0.008029399795258423
0.49613589474104614 0.007728210517907841 0.4961358947410461 | 0.009941476361072588
0.4696086896534919 0.06078262069301621 0.4696086896534919 | 0.03278124160372298
0.23111028494908226 0.5377794301018355 0.23111028494908226 | 0.04606240959277825
0.41447757027905463 0.17104485944189085 0.4144775702790546 | 0.0469470955421552
0.11355991257213327 0.7728801748557335 0.11355991257213327 | 0.030903097975759793
0.024895931491216494 0.950208137017567 0.024895931491216494 | 0.008029399795258423
0.6889333070396046 0.01898800438375904 0.2920786885766364 | 0.01812549864620088
0.6355187156236324 0.09773603106601653 0.26674525331035115 | 0.037211960457261536
0.8512338800096335 0.021966344206529244 0.1267997757838373 | 0.015393072683782177
0.2920786885766363 0.6889333070396046 0.01898800438375904 | 0.01812549864620088
0.26674525331035115 0.6355187156236324 0.09773603106601653 | 0.037211960457261536
0.12679977578383728 0.8512338800096335 0.021966344206529244 | 0.015393072683782177
0.018988004383758916 0.2920786885766364 0.6889333070396046 | 0.01812549864620088
0.09773603106601647 0.26674525331035115 0.6355187156236324 | 0.037211960457261536
0.02196634420652921 0.1267997757838373 0.8512338800096335 | 0.015393072683782177
0.6889333070396046 0.2920786885766364 0.01898800438375904 | 0.01812549864620088
0.6355187156236324 0.26674525331035115 0.09773603106601653 | 0.037211960457261536
0.8512338800096335 0.1267997757838373 0.021966344206529244 | 0.015393072683782177
0.018988004383758916 0.6889333070396046 0.2920786885766364 | 0.01812549864620088
0.09773603106601647 0.6355187156236324 0.26674525331035115 | 0.037211960457261536
0.02196634420652921 0.8512338800096335 0.1267997757838373 | 0.015393072683782177
0.2920786885766363 0.01898800438375904 0.6889333070396046 | 0.01812549864620088
0.26674525331035115 0.09773603106601653 0.6355187156236324 | 0.037211960457261536
0.12679977578383728 0.021966344206529244 0.8512338800096335 | 0.015393072683782177
