--
domain: triangle
order: 26
--
0.33333333333333337 0.3333333333333333 0.3333333333333333 | 0.010243331294611621
0.8665257548470675 0.06673712257646625 0.06673712257646625 | 0.002456912651483009
0.9873197670158461 0.0063401164920769415 0.0063401164920769415 | 0.00026347655834093594
0.01249393420723044 0.4937530328963848 0.4937530328963848 | 0.002651079590933673
0.22242500578481195 0.388787497107594 0.388787497107594 | 0.00973403391859144
0.4537057981418424 0.2731471009290788 0.2731471009290788 | 0.00976782346162377
0.056342873357667966 0.471828563321166 0.471828563321166 | 0.005764251817328446
0.6915971392709114 0.1542014303645443 0.1542014303645443 | 0.006627629724272634
0.5759136733955886 0.21204316330220568 0.21204316330220568 | 0.008472172539264045
0.12802916123123365 0.4359854193843832 0.4359854193843832 | 0.008206200301293952
0.06673712257646625 0.06673712257646625 0.8665257548470675 | 0.002456912651483009
0.006340116492076886 0.0063401164920769415 0.9873197670158461 | 0.00026347655834093594
0.49375303289638484 0.4937530328963848 0.01249393420723044 | 0.002651079590933673
0.38878749710759397 0.388787497107594 0.22242500578481195 | 0.00973403391859144
0.2731471009290788 0.2731471009290788 0.4537057981418424 | 0.00976782346162377
0.4718285633211661 0.471828563321166 0.056342873357667966 | 0.005764251817328446
0.15420143036454426 0.1542014303645443 0.6915971392709114 | 0.006627629724272634
0.21204316330220574 0.21204316330220568 0.5759136733955886 | 0.008472172539264045
0.4359854193843832 0.4359854193843832 0.12802916123123365 | 0.008206200301293952
0.06673712257646625 0.8665257548470675 0.06673712257646625 | 0.002456912651483009
0.006340116492076886 0.9873197670158461 0.0063401164920769415 | 0.00026347655834093594
0.49375303289638484 0.01249393420723044 0.4937530328963848 | 0.002651079590933673
0.38878749710759397 0.22242500578481195 0.388787497107594 | 0.00973403391859144
0.2731471009290788 0.4537057981418424 0.2731471009290788 | 0.00976782346162377
0.4718285633211661 0.056342873357667966 0.471828563321166 | 0.005764251817328446
0.15420143036454426 0.6915971392709114 0.1542014303645443 | 0.006627629724272634
0.21204316330220574 0.5759136733955886 0.21204316330220568 | 0.008472172539264045
0.4359854193843832 0.12802916123123365 0.4359854193843832 | 0.008206200301293952
0.9151336840842468 0.004794660975436677 0.08007165494031654 | 0.0006992632240801362
0.9392011922216333 0.029155196206835834 0.031643611571530776 | 0.0006027823868584428
0.8984105884621026 0.02620936402249865 0.07538004751539866 | 0.0016527723564838351
0.9612018477470925 0.005698117916875216 0.03310003433603227 | 0.0005428536714983775
0.8257890876433118 0.041724722742120926 0.13248618961456732 | 0.0032017989498564093
0.7912672079790704 0.10004565910652752 0.10868713291440213 | 0.002307105538189159
0.6291132845042245 0.120614402205249 0.25027231329052646 | 0.00718973661379937
0.5814399954403304 0.029537942516907823 0.3890220620427618 | 0.00412988360854342
0.554112238408494 0.08737846516384448 0.35850929642766155 | 0.006863979108042852
0.7368189190108191 0.07631190151295938 0.18686917947622156 | 0.005198822764087162
0.5832365594443228 0.002057530965370865 0.4147059095903063 | 0.000928573735499042
0.5101059661193124 0.1704787284972489 0.31941530538343876 | 0.008799583590347606
0.8482627657087517 0.007999608091484301 0.14373762619976402 | 0.0014833808313282528
0.6650459874553918 0.05116587368513777 0.2837881388594704 | 0.005053562216044342
0.7606687342756272 0.02278459925089566 0.21654666647347712 | 0.0031346689230402846
0.6776281990129065 0.009473297912213558 0.31289850307488 | 0.0022957791936993187
0.7731011948601069 0.0004640077321756526 0.22643479740771752 | 0.0005697744579341068
0.08007165494031654 0.9151336840842468 0.004794660975436677 | 0.0006992632240801362
0.03164361157153073 0.9392011922216335 0.029155196206835834 | 0.0006027823868584428
0.07538004751539862 0.8984105884621028 0.02620936402249865 | 0.0016527723564838351
0.03310003433603226 0.9612018477470925 0.005698117916875216 | 0.0005428536714983775
0.13248618961456726 0.8257890876433118 0.041724722742120926 | 0.0032017989498564093
0.10868713291440213 0.7912672079790704 0.10004565910652752 | 0.002307105538189159
0.25027231329052646 0.6291132845042245 0.120614402205249 | 0.00718973661379937
0.3890220620427618 0.5814399954403304 0.029537942516907823 | 0.00412988360854342
0.3585092964276615 0.554112238408494 0.08737846516384448 | 0.006863979108042852
0.18686917947622161 0.736818919010819 0.07631190151295938 | 0.005198822764087162
0.4147059095903063 0.5832365594443228 0.002057530965370865 | 0.000928573735499042
0.31941530538343876 0.5101059661193124 0.1704787284972489 | 0.008799583590347606
0.14373762619976405 0.8482627657087517 0.007999608091484301 | 0.0014833808313282528
0.2837881388594704 0.6650459874553918 0.05116587368513777 | 0.005053562216044342
0.2165466664734771 0.7606687342756272 0.02278459925089566 | 0.0031346689230402846
0.31289850307488 0.6776281990129065 0.009473297912213558 | 0.0022957791936993187
0.22643479740771755 0.7731011948601068 0.0004640077321756526 | 0.0005697744579341068
0.004794660975436682 0.08007165494031654 0.9151336840842468 | 0.0006992632240801362
0.02915519620683582 0.031643611571530776 0.9392011922216335 | 0.0006027823868584428
0.026209364022498627 0.07538004751539866 0.8984105884621028 | 0.0016527723564838351
0.005698117916875245 0.03310003433603227 0.9612018477470925 | 0.0005428536714983775
0.04172472274212091 0.13248618961456732 0.8257890876433118 | 0.0032017989498564093
0.10004565910652752 0.10868713291440213 0.7912672079790704 | 0.002307105538189159
0.120614402205249 0.25027231329052646 0.6291132845042245 | 0.00718973661379937
0.029537942516907778 0.3890220620427618 0.5814399954403304 | 0.00412988360854342
0.08737846516384451 0.35850929642766155 0.554112238408494 | 0.006863979108042852
0.07631190151295941 0.18686917947622156 0.736818919010819 | 0.005198822764087162
0.0020575309653708684 0.4147059095903063 0.5832365594443228 | 0.000928573735499042
0.17047872849724888 0.31941530538343876 0.5101059661193124 | 0.008799583590347606
0.007999608091484256 0.14373762619976402 0.8482627657087517 | 0.0014833808313282528
0.05116587368513781 0.2837881388594704 0.6650459874553918 | 0.005053562216044342
0.02278459925089571 0.21654666647347712 0.7606687342756272 | 0.0031346689230402846
0.009473297912213519 0.31289850307488 0.6776281990129065 | 0.0022957791936993187
0.00046400773217569746 0.22643479740771752 0.7731011948601068 | 0.0005697744579341068
0.9151336840842468 0.08007165494031654 0.004794660975436677 | 0.0006992632240801362
0.9392011922216333 0.031643611571530776 0.029155196206835834 | 0.0006027823868584428
0.8984105884621026 0.07538004751539866 0.02620936402249865 | 0.0016527723564838351
0.9612018477470925 0.03310003433603227 0.005698117916875216 | 0.0005428536714983775
0.8257890876433118 0.13248618961456732 0.041724722742120926 | 0.0032017989498564093
0.7912672079790704 0.10868713291440213 0.10004565910652752 | 0.002307105538189159
0.6291132845042245 0.25027231329052646 0.120614402205249 | 0.00718973661379937
0.5814399954403304 0.3890220620427618 0.029537942516907823 | 0.00412988360854342
0.554112238408494 0.35850929642766155 0.08737846516384448 | 0.006863979108042852
0.7368189190108191 0.18686917947622156 0.07631190151295938 | 0.005198822764087162
0.5832365594443228 0.4147059095903063 0.002057530965370865 | 0.000928573735499042
0.5101059661193124 0.31941530538343876 0.1704787284972489 | 0.008799583590347606
0.8482627657087517 0.14373762619976402 0.007999608091484301 | 0.0014833808313282528
0.6650459874553918 0.2837881388594704 0.05116587368513777 | 0.005053562216044342
0.7606687342756272 0.21654666647347712 0.02278459925089566 | 0.0031346689230402846
0.6776281990129065 0.31289850307488 0.009473297912213558 | 0.0022957791936993187
0.7731011948601069 0.22643479740771752 0.0004640077321756526 | 0.0005697744579341068
0.004794660975436682 0.9151336840842468 0.08007165494031654 | 0.0006992632240801362
0.02915519620683582 0.9392011922216335 0.031643611571530776 | 0.0006027823868584428
0.026209364022498627 0.8984105884621028 0.07538004751539866 | 0.0016527723564838351
0.005698117916875245 0.9612018477470925 0.03310003433603227 | 0.0005428536714983775
0.04172472274212091 0.8257890876433118 0.13248618961456732 | 0.0032017989498564093
0.10004565910652752 0.7912672079790704 0.10868713291440213 | 0.002307105538189159
0.120614402205249 0.6291132845042245 0.25027231329052646 | 0.00718973661379937
0.029537942516907778 0.5814399954403304 0.3890220620427618 | 0.00412988360854342
0.08737846516384451 0.554112238408494 0.35850929642766155 | 0.006863979108042852
0.07631190151295941 0.736818919010819 0.18686917947622156 | 0.005198822764087162
0.0020575309653708684 0.5832365594443228 0.4147059095903063 | 0.000928573735499042
0.17047872849724888 0.5101059661193124 0.31941530538343876 | 0.008799583590347606
0.007999608091484256 0.8482627657087517 0.14373762619976402 | 0.0014833808313282528
0.05116587368513781 0.6650459874553918 0.2837881388594704 | 0.005053562216044342
0.02278459925089571 0.7606687342756272 0.21654666647347712 | 0.0031346689230402846
0.009473297912213519 0.6776281990129065 0.31289850307488 | 0.0022957791936993187
0.00046400773217569746 0.7731011948601068 0.22643479740771752 | 0.0005697744579341068
0.08007165494031654 0.004794660975436677 0.9151336840842468 | 0.0006992632240801362
0.03164361157153073 0.029155196206835834 0.9392011922216335 | 0.0006027823868584428
0.07538004751539862 0.02620936402249865 0.8984105884621028 | 0.0016527723564838351
0.03310003433603226 0.005698117916875216 0.9612018477470925 | 0.0005428536714983775
0.13248618961456726 0.041724722742120926 0.8257890876433118 | 0.0032017989498564093
0.10868713291440213 0.10004565910652752 0.7912672079790704 | 0.002307105538189159
0.25027231329052646 0.120614402205249 0.6291132845042245 | 0.00718973661379937
0.3890220620427618 0.029537942516907823 0.5814399954403304 | 0.00412988360854342
0.3585092964276615 0.08737846516384448 0.554112238408494 | 0.006863979108042852
0.18686917947622161 0.07631190151295938 0.736818919010819 | 0.005198822764087162
0.4147059095903063 0.002057530965370865 0.5832365594443228 | 0.000928573735499042
0.31941530538343876 0.1704787284972489 0.5101059661193124 | 0.008799583590347606
0.14373762619976405 0.007999608091484301 0.8482627657087517 | 0.0014833808313282528
0.2837881388594704 0.05116587368513777 0.6650459874553918 | 0.005053562216044342
0.2165466664734771 0.02278459925089566 0.7606687342756272 | 0.0031346689230402846
0.31289850307488 0.009473297912213558 0.6776281990129065 | 0.0022957791936993187
0.22643479740771755 0.0004640077321756526 0.7731011948601068 | 0.0005697744579341068
