--
domain: triangle
order: 29
--
0.0021703507246276788 0.49891482463768616 0.49891482463768616 | 0.0015164621031569022
0.13123914647653878 0.4343804267617306 0.4343804267617306 | 0.011171100295167859
0.9178053287457636 0.0410973356271182 0.0410973356271182 | 0.002860491506156887
0.5831893897351982 0.2084053051324009 0.2084053051324009 | 0.012539203442623229
0.6785082311360727 0.16074588443196364 0.16074588443196364 | 0.010571417858227577
0.023196794134794474 0.48840160293260276 0.48840160293260276 | 0.006134401164718911
0.395227177569743 0.3023864112151285 0.3023864112151285 | 0.016310238807743207
0.7711463740111488 0.11442681299442559 0.11442681299442559 | 0.008172878441227133
0.0704751378385221 0.46476243108073895 0.46476243108073895 | 0.0103131166352585
0.8525562372198002 0.07372188139009989 0.07372188139009989 | 0.005608847132831304
0.21876164243347251 0.39061917878326374 0.39061917878326374 | 0.015913215284088903
0.4989148246376862 0.49891482463768616 0.0021703507246276788 | 0.0015164621031569022
0.4343804267617306 0.4343804267617306 0.13123914647653878 | 0.011171100295167859
0.04109733562711826 0.0410973356271182 0.9178053287457636 | 0.002860491506156887
0.20840530513240085 0.2084053051324009 0.5831893897351982 | 0.012539203442623229
0.16074588443196358 0.16074588443196364 0.6785082311360727 | 0.010571417858227577
0.4884016029326028 0.48840160293260276 0.023196794134794474 | 0.006134401164718911
0.30238641121512844 0.3023864112151285 0.395227177569743 | 0.016310238807743207
0.11442681299442559 0.11442681299442559 0.7711463740111488 | 0.008172878441227133
0.464762431080739 0.46476243108073895 0.0704751378385221 | 0.0103131166352585
0.07372188139009994 0.07372188139009989 0.8525562372198002 | 0.005608847132831304
0.3906191787832638 0.39061917878326374 0.21876164243347251 | 0.015913215284088903
0.4989148246376862 0.0021703507246276788 0.49891482463768616 | 0.0015164621031569022
0.4343804267617306 0.13123914647653878 0.4343804267617306 | 0.011171100295167859
0.04109733562711826 0.9178053287457636 0.0410973356271182 | 0.002860491506156887
0.20840530513240085 0.5831893897351982 0.2084053051324009 | 0.012539203442623229
0.16074588443196358 0.6785082311360727 0.16074588443196364 | 0.010571417858227577
0.4884016029326028 0.023196794134794474 0.48840160293260276 | 0.006134401164718911
0.30238641121512844 0.395227177569743 0.3023864112151285 | 0.016310238807743207
0.11442681299442559 0.7711463740111488 0.11442681299442559 | 0.008172878441227133
0.464762431080739 0.0704751378385221 0.46476243108073895 | 0.0103131166352585
0.07372188139009994 0.8525562372198002 0.07372188139009989 | 0.005608847132831304
0.3906191787832638 0.21876164243347251 0.39061917878326374 | 0.015913215284088903
0.9383291479118497 0.002728743247921069 0.058942108840229206 | 0.0007692529714762487
0.49303429012347477 0.15717769986719343 0.34978801000933185 | 0.010452214696922436
0.6748972098116223 0.0021009666448275587 0.32300182354355017 | 0.0013528239492524086
0.7736883369367374 0.06816580881374641 0.15814585424951613 | 0.0064391367075338065
0.9596195731350373 0.010830958603609348 0.029549468261353372 | 0.001272194437171631
0.4892484845932905 0.21893234198017247 0.29181917342653707 | 0.013545246572007575
0.903190925246271 0.02128689624073325 0.0755221785129958 | 0.002761530749590444
0.8420361139149987 0.040847216576102435 0.11711666950889889 | 0.00451268684548733
0.987230285395787 0.001603496496043763 0.011166218108169191 | 0.0002694922318587012
0.6904083654940789 0.10154598522683399 0.20804564927908714 | 0.009386330676283665
0.5662628237507425 0.04152706126882266 0.39221011498043484 | 0.00782291845830648
0.5464396833448917 0.0938490411451324 0.3597112755099759 | 0.010630396363196614
0.7454392707127404 0.008686029804384135 0.24587469948287544 | 0.0030512388233451906
0.8154081377810313 0.01758912404404562 0.16700273817492314 | 0.003825366671730012
0.879467876855841 0.005523524512212553 0.11500859863194643 | 0.0017416952313017492
0.6607456749400252 0.0238589269426556 0.31539539811731915 | 0.005669153481665458
0.7364820152304077 0.04029533454477179 0.2232226502248206 | 0.006581997763852206
0.6437257357698205 0.06787840431144707 0.2883958599187324 | 0.009178924164927597
0.5930980425461417 0.13953560718108263 0.2673663502727756 | 0.012518366498834426
0.5861680189969418 0.008066585704166612 0.40576539529889155 | 0.0036413404112807368
0.8135558255123531 0.00012344681228740494 0.18632072767535954 | 0.000688672625041761
0.05894210884022921 0.9383291479118497 0.002728743247921069 | 0.0007692529714762487
0.3497880100093318 0.4930342901234747 0.15717769986719343 | 0.010452214696922436
0.3230018235435501 0.6748972098116224 0.0021009666448275587 | 0.0013528239492524086
0.1581458542495161 0.7736883369367374 0.06816580881374641 | 0.0064391367075338065
0.029549468261353407 0.9596195731350372 0.010830958603609348 | 0.001272194437171631
0.2918191734265372 0.4892484845932904 0.21893234198017247 | 0.013545246572007575
0.07552217851299581 0.903190925246271 0.02128689624073325 | 0.002761530749590444
0.11711666950889887 0.8420361139149987 0.040847216576102435 | 0.00451268684548733
0.011166218108169201 0.987230285395787 0.001603496496043763 | 0.0002694922318587012
0.20804564927908709 0.6904083654940789 0.10154598522683399 | 0.009386330676283665
0.3922101149804348 0.5662628237507425 0.04152706126882266 | 0.00782291845830648
0.35971127550997595 0.5464396833448917 0.0938490411451324 | 0.010630396363196614
0.24587469948287544 0.7454392707127404 0.008686029804384135 | 0.0030512388233451906
0.16700273817492317 0.8154081377810312 0.01758912404404562 | 0.003825366671730012
0.11500859863194646 0.8794678768558409 0.005523524512212553 | 0.0017416952313017492
0.3153953981173191 0.6607456749400253 0.0238589269426556 | 0.005669153481665458
0.22322265022482057 0.7364820152304077 0.04029533454477179 | 0.006581997763852206
0.2883958599187324 0.6437257357698205 0.06787840431144707 | 0.009178924164927597
0.26736635027277555 0.5930980425461418 0.13953560718108263 | 0.012518366498834426
0.40576539529889155 0.5861680189969418 0.008066585704166612 | 0.0036413404112807368
0.18632072767535957 0.8135558255123531 0.00012344681228740494 | 0.000688672625041761
0.0027287432479210505 0.058942108840229206 0.9383291479118497 | 0.0007692529714762487
0.15717769986719343 0.34978801000933185 0.4930342901234747 | 0.010452214696922436
0.0021009666448275066 0.32300182354355017 0.6748972098116224 | 0.0013528239492524086
0.06816580881374645 0.15814585424951613 0.7736883369367374 | 0.0064391367075338065
0.010830958603609386 0.029549468261353372 0.9596195731350372 | 0.001272194437171631
0.21893234198017253 0.29181917342653707 0.4892484845932904 | 0.013545246572007575
0.02128689624073321 0.0755221785129958 0.903190925246271 | 0.002761530749590444
0.04084721657610246 0.11711666950889889 0.8420361139149987 | 0.00451268684548733
0.0016034964960437437 0.011166218108169191 0.987230285395787 | 0.0002694922318587012
0.10154598522683389 0.20804564927908714 0.6904083654940789 | 0.009386330676283665
0.04152706126882255 0.39221011498043484 0.5662628237507425 | 0.00782291845830648
0.09384904114513248 0.3597112755099759 0.5464396833448917 | 0.010630396363196614
0.008686029804384154 0.24587469948287544 0.7454392707127404 | 0.0030512388233451906
0.017589124044045668 0.16700273817492314 0.8154081377810312 | 0.003825366671730012
0.0055235245122126075 0.11500859863194643 0.8794678768558409 | 0.0017416952313017492
0.023858926942655456 0.31539539811731915 0.6607456749400253 | 0.005669153481665458
0.040295334544771744 0.2232226502248206 0.7364820152304077 | 0.006581997763852206
0.0678784043114471 0.2883958599187324 0.6437257357698205 | 0.009178924164927597
0.1395356071810825 0.2673663502727756 0.5930980425461418 | 0.012518366498834426
0.008066585704166629 0.40576539529889155 0.5861680189969418 | 0.0036413404112807368
0.00012344681228737553 0.18632072767535954 0.8135558255123531 | 0.000688672625041761
0.9383291479118497 0.058942108840229206 0.002728743247921069 | 0.0007692529714762487
0.49303429012347477 0.34978801000933185 0.15717769986719343 | 0.010452214696922436
0.6748972098116223 0.32300182354355017 0.0021009666448275587 | 0.0013528239492524086
0.7736883369367374 0.15814585424951613 0.06816580881374641 | 0.0064391367075338065
0.9596195731350373 0.029549468261353372 0.010830958603609348 | 0.001272194437171631
0.4892484845932905 0.29181917342653707 0.21893234198017247 | 0.013545246572007575
0.903190925246271 0.0755221785129958 0.02128689624073325 | 0.002761530749590444
0.8420361139149987 0.11711666950889889 0.040847216576102435 | 0.00451268684548733
0.987230285395787 0.011166218108169191 0.001603496496043763 | 0.0002694922318587012
0.6904083654940789 0.20804564927908714 0.10154598522683399 | 0.009386330676283665
0.5662628237507425 0.39221011498043484 0.04152706126882266 | 0.00782291845830648
0.5464396833448917 0.3597112755099759 0.0938490411451324 | 0.010630396363196614
0.7454392707127404 0.24587469948287544 0.008686029804384135 | 0.0030512388233451906
0.8154081377810313 0.16700273817492314 0.01758912404404562 | 0.003825366671730012
0.879467876855841 0.11500859863194643 0.005523524512212553 | 0.0017416952313017492
0.6607456749400252 0.31539539811731915 0.0238589269426556 | 0.005669153481665458
0.7364820152304077 0.2232226502248206 0.04029533454477179 | 0.006581997763852206
0.6437257357698205 0.2883958599187324 0.06787840431144707 | 0.009178924164927597
0.5930980425461417 0.2673663502727756 0.13953560718108263 | 0.012518366498834426
0.5861680189969418 0.40576539529889155 0.008066585704166612 | 0.0036413404112807368
0.8135558255123531 0.18632072767535954 0.00012344681228740494 | 0.000688672625041761
0.0027287432479210505 0.9383291479118497 0.058942108840229206 | 0.0007692529714762487
0.15717769986719343 0.4930342901234747 0.34978801000933185 | 0.010452214696922436
0.0021009666448275066 0.6748972098116224 0.32300182354355017 | 0.0013528239492524086
0.06816580881374645 0.7736883369367374 0.15814585424951613 | 0.0064391367075338065
0.010830958603609386 0.9596195731350372 0.029549468261353372 | 0.001272194437171631
0.21893234198017253 0.4892484845932904 0.29181917342653707 | 0.013545246572007575
0.02128689624073321 0.903190925246271 0.0755221785129958 | 0.002761530749590444
0.04084721657610246 0.8420361139149987 0.11711666950889889 | 0.00451268684548733
0.0016034964960437437 0.987230285395787 0.011166218108169191 | 0.0002694922318587012
0.10154598522683389 0.6904083654940789 0.20804564927908714 | 0.009386330676283665
0.04152706126882255 0.5662628237507425 0.39221011498043484 | 0.00782291845830648
0.09384904114513248 0.5464396833448917 0.3597112755099759 | 0.010630396363196614
0.008686029804384154 0.7454392707127404 0.24587469948287544 | 0.0030512388233451906
0.017589124044045668 0.8154081377810312 0.16700273817492314 | 0.003825366671730012
0.0055235245122126075 0.8794678768558409 0.11500859863194643 | 0.0017416952313017492
0.023858926942655456 0.6607456749400253 0.31539539811731915 | 0.005669153481665458
0.040295334544771744 0.7364820152304077 0.2232226502248206 | 0.006581997763852206
0.0678784043114471 0.6437257357698205 0.2883958599187324 | 0.009178924164927597
0.1395356071810825 0.5930980425461418 0.2673663502727756 | 0.012518366498834426
0.008066585704166629 0.5861680189969418 0.40576539529889155 | 0.0036413404112807368
0.00012344681228737553 0.8135558255123531 0.18632072767535954 | 0.000688672625041761
0.05894210884022921 0.002728743247921069 0.9383291479118497 | 0.0007692529714762487
0.3497880100093318 0.15717769986719343 0.4930342901234747 | 0.010452214696922436
0.3230018235435501 0.0021009666448275587 0.6748972098116224 | 0.0013528239492524086
0.1581458542495161 0.06816580881374641 0.7736883369367374 | 0.0064391367075338065
0.029549468261353407 0.010830958603609348 0.9596195731350372 | 0.001272194437171631
0.2918191734265372 0.21893234198017247 0.4892484845932904 | 0.013545246572007575
0.07552217851299581 0.02128689624073325 0.903190925246271 | 0.002761530749590444
0.11711666950889887 0.040847216576102435 0.8420361139149987 | 0.00451268684548733
0.011166218108169201 0.001603496496043763 0.987230285395787 | 0.0002694922318587012
0.20804564927908709 0.10154598522683399 0.6904083654940789 | 0.009386330676283665
0.3922101149804348 0.04152706126882266 0.5662628237507425 | 0.00782291845830648
0.35971127550997595 0.0938490411451324 0.5464396833448917 | 0.010630396363196614
0.24587469948287544 0.008686029804384135 0.7454392707127404 | 0.0030512388233451906
0.16700273817492317 0.01758912404404562 0.8154081377810312 | 0.003825366671730012
0.11500859863194646 0.005523524512212553 0.8794678768558409 | 0.0017416952313017492
0.3153953981173191 0.0238589269426556 0.6607456749400253 | 0.005669153481665458
0.22322265022482057 0.04029533454477179 0.7364820152304077 | 0.006581997763852206
0.2883958599187324 0.06787840431144707 0.6437257357698205 | 0.009178924164927597
0.26736635027277555 0.13953560718108263 0.5930980425461418 | 0.012518366498834426
0.40576539529889155 0.008066585704166612 0.5861680189969418 | 0.0036413404112807368
0.18632072767535957 0.00012344681228740494 0.8135558255123531 | 0.000688672625041761
