--
domain: triangle
order: 28
--
0.39203415496703165 0.3039829225164842 0.3039829225164842 | 0.014362466300646136
0.9903917476066838 0.004804126196658098 0.004804126196658098 | 0.0003111352086814963
0.08344019151917614 0.45827990424041193 0.45827990424041193 | 0.008851705010893161
0.2274640528599159 0.38626797357004206 0.38626797357004206 | 0.014210586390448187
0.4834718556990756 0.2582640721504622 0.2582640721504622 | 0.013092748589088966
0.7882083116427446 0.10589584417862768 0.10589584417862768 | 0.007809943371086341
0.14089559576220134 0.42955220211889933 0.42955220211889933 | 0.01354759560332551
0.030317734874821145 0.4848411325625894 0.4848411325625894 | 0.007682110578595024
0.6827246222738805 0.15863768886305973 0.15863768886305973 | 0.011942669640248227
0.8783216152144824 0.06083919239275881 0.06083919239275881 | 0.0051282520046780685
0.3039829225164842 0.3039829225164842 0.39203415496703165 | 0.014362466300646136
0.004804126196658043 0.004804126196658098 0.9903917476066838 | 0.0003111352086814963
0.458279904240412 0.45827990424041193 0.08344019151917614 | 0.008851705010893161
0.38626797357004206 0.38626797357004206 0.2274640528599159 | 0.014210586390448187
0.2582640721504622 0.2582640721504622 0.4834718556990756 | 0.013092748589088966
0.10589584417862774 0.10589584417862768 0.7882083116427446 | 0.007809943371086341
0.42955220211889933 0.42955220211889933 0.14089559576220134 | 0.01354759560332551
0.4848411325625894 0.4848411325625894 0.030317734874821145 | 0.007682110578595024
0.15863768886305973 0.15863768886305973 0.6827246222738805 | 0.011942669640248227
0.06083919239275881 0.06083919239275881 0.8783216152144824 | 0.0051282520046780685
0.3039829225164842 0.39203415496703165 0.3039829225164842 | 0.014362466300646136
0.004804126196658043 0.9903917476066838 0.004804126196658098 | 0.0003111352086814963
0.458279904240412 0.08344019151917614 0.45827990424041193 | 0.008851705010893161
0.38626797357004206 0.2274640528599159 0.38626797357004206 | 0.014210586390448187
0.2582640721504622 0.4834718556990756 0.2582640721504622 | 0.013092748589088966
0.10589584417862774 0.7882083116427446 0.10589584417862768 | 0.007809943371086341
0.42955220211889933 0.14089559576220134 0.42955220211889933 | 0.01354759560332551
0.4848411325625894 0.030317734874821145 0.4848411325625894 | 0.007682110578595024
0.15863768886305973 0.6827246222738805 0.15863768886305973 | 0.011942669640248227
0.06083919239275881 0.8783216152144824 0.06083919239275881 | 0.0051282520046780685
0.9329702140721975 0.02152438536945612 0.0455054005583464 | 0.0021175395576808983
0.7375358758753532 0.04906966935755949 0.2133944547670873 | 0.005895672234514246
0.5802390377843101 0.17765845029637026 0.24210251191931964 | 0.012557256216676879
0.4829969116880932 0.1898123562927368 0.32719073201917004 | 0.013106114124099386
0.8535434510435365 0.0044583820232893204 0.14199816693317424 | 0.0017788954192555133
0.7369256303241862 0.08767797648435202 0.17539639319146172 | 0.008011929286694964
0.5446800590311748 0.06318032763441064 0.39213961333441455 | 0.008464695734276604
0.661704920830155 0.004149464133923672 0.33414561503592133 | 0.0023767642676877834
0.8030589990229016 0.022794804925916238 0.17414619605118214 | 0.004276942335017945
0.7014601475563789 0.022700844371797004 0.2758390080718242 | 0.005131277382037297
0.9676276842926838 0.006149648542663968 0.026222667164652273 | 0.0009485404258894006
0.644919168291803 0.11203362934227094 0.24304720236592617 | 0.0102459865617042
0.7652255261691057 0.004781489772987132 0.22999298405790716 | 0.0023245453644640504
0.6419429769479654 0.062448742179632866 0.29560828087240165 | 0.00892511614027655
0.8283953633324808 0.050211185913428096 0.12139345075409119 | 0.0059178837723538906
0.6004482009469116 0.025727998742878733 0.3738238003102097 | 0.006260534642968552
0.5515700274862902 0.005646565993466159 0.44278340652024356 | 0.0031401776434880364
0.5441122670843226 0.11808906971509502 0.3377986632005823 | 0.0127871384229558
0.8895285197924231 0.018242291012294715 0.09222918919528221 | 0.003204916190793035
0.9285090039203802 0.0012002556014871519 0.07029074047813273 | 0.000725134594986083
0.0455054005583464 0.9329702140721975 0.02152438536945612 | 0.0021175395576808983
0.2133944547670873 0.7375358758753532 0.04906966935755949 | 0.005895672234514246
0.24210251191931964 0.5802390377843101 0.17765845029637026 | 0.012557256216676879
0.32719073201917004 0.4829969116880932 0.1898123562927368 | 0.013106114124099386
0.14199816693317424 0.8535434510435365 0.0044583820232893204 | 0.0017788954192555133
0.17539639319146172 0.7369256303241862 0.08767797648435202 | 0.008011929286694964
0.3921396133344145 0.5446800590311749 0.06318032763441064 | 0.008464695734276604
0.33414561503592133 0.661704920830155 0.004149464133923672 | 0.0023767642676877834
0.1741461960511822 0.8030589990229016 0.022794804925916238 | 0.004276942335017945
0.27583900807182415 0.7014601475563789 0.022700844371797004 | 0.005131277382037297
0.02622266716465227 0.9676276842926838 0.006149648542663968 | 0.0009485404258894006
0.24304720236592614 0.644919168291803 0.11203362934227094 | 0.0102459865617042
0.22999298405790713 0.7652255261691058 0.004781489772987132 | 0.0023245453644640504
0.29560828087240165 0.6419429769479654 0.062448742179632866 | 0.00892511614027655
0.12139345075409114 0.8283953633324808 0.050211185913428096 | 0.0059178837723538906
0.3738238003102097 0.6004482009469116 0.025727998742878733 | 0.006260534642968552
0.4427834065202436 0.5515700274862902 0.005646565993466159 | 0.0031401776434880364
0.3377986632005824 0.5441122670843226 0.11808906971509502 | 0.0127871384229558
0.09222918919528222 0.8895285197924231 0.018242291012294715 | 0.003204916190793035
0.07029074047813277 0.92850900392038 0.0012002556014871519 | 0.000725134594986083
0.02152438536945611 0.0455054005583464 0.9329702140721975 | 0.0021175395576808983
0.04906966935755952 0.2133944547670873 0.7375358758753532 | 0.005895672234514246
0.17765845029637028 0.24210251191931964 0.5802390377843101 | 0.012557256216676879
0.18981235629273674 0.32719073201917004 0.4829969116880932 | 0.013106114124099386
0.004458382023289298 0.14199816693317424 0.8535434510435365 | 0.0017788954192555133
0.08767797648435205 0.17539639319146172 0.7369256303241862 | 0.008011929286694964
0.0631803276344105 0.39213961333441455 0.5446800590311749 | 0.008464695734276604
0.004149464133923697 0.33414561503592133 0.661704920830155 | 0.0023767642676877834
0.022794804925916345 0.17414619605118214 0.8030589990229016 | 0.004276942335017945
0.02270084437179687 0.2758390080718242 0.7014601475563789 | 0.005131277382037297
0.006149648542663977 0.026222667164652273 0.9676276842926838 | 0.0009485404258894006
0.1120336293422709 0.24304720236592617 0.644919168291803 | 0.0102459865617042
0.004781489772987091 0.22999298405790716 0.7652255261691058 | 0.0023245453644640504
0.06244874217963292 0.29560828087240165 0.6419429769479654 | 0.00892511614027655
0.05021118591342799 0.12139345075409119 0.8283953633324808 | 0.0059178837723538906
0.025727998742878677 0.3738238003102097 0.6004482009469116 | 0.006260534642968552
0.005646565993466135 0.44278340652024356 0.5515700274862902 | 0.0031401776434880364
0.11808906971509514 0.3377986632005823 0.5441122670843226 | 0.0127871384229558
0.018242291012294687 0.09222918919528221 0.8895285197924231 | 0.003204916190793035
0.0012002556014871768 0.07029074047813273 0.92850900392038 | 0.000725134594986083
0.9329702140721975 0.0455054005583464 0.02152438536945612 | 0.0021175395576808983
0.7375358758753532 0.2133944547670873 0.04906966935755949 | 0.005895672234514246
0.5802390377843101 0.24210251191931964 0.17765845029637026 | 0.012557256216676879
0.4829969116880932 0.32719073201917004 0.1898123562927368 | 0.013106114124099386
0.8535434510435365 0.14199816693317424 0.0044583820232893204 | 0.0017788954192555133
0.7369256303241862 0.17539639319146172 0.08767797648435202 | 0.008011929286694964
0.5446800590311748 0.39213961333441455 0.06318032763441064 | 0.008464695734276604
0.661704920830155 0.33414561503592133 0.004149464133923672 | 0.0023767642676877834
0.8030589990229016 0.17414619605118214 0.022794804925916238 | 0.004276942335017945
0.7014601475563789 0.2758390080718242 0.022700844371797004 | 0.005131277382037297
0.9676276842926838 0.026222667164652273 0.006149648542663968 | 0.0009485404258894006
0.644919168291803 0.24304720236592617 0.11203362934227094 | 0.0102459865617042
0.7652255261691057 0.22999298405790716 0.004781489772987132 | 0.0023245453644640504
0.6419429769479654 0.29560828087240165 0.062448742179632866 | 0.00892511614027655
0.8283953633324808 0.12139345075409119 0.050211185913428096 | 0.0059178837723538906
0.6004482009469116 0.3738238003102097 0.025727998742878733 | 0.006260534642968552
0.5515700274862902 0.44278340652024356 0.005646565993466159 | 0.0031401776434880364
0.5441122670843226 0.3377986632005823 0.11808906971509502 | 0.0127871384229558
0.8895285197924231 0.09222918919528221 0.018242291012294715 | 0.003204916190793035
0.9285090039203802 0.07029074047813273 0.0012002556014871519 | 0.000725134594986083
0.02152438536945611 0.9329702140721975 0.0455054005583464 | 0.0021175395576808983
0.04906966935755952 0.7375358758753532 0.2133944547670873 | 0.005895672234514246
0.17765845029637028 0.5802390377843101 0.24210251191931964 | 0.012557256216676879
0.18981235629273674 0.4829969116880932 0.32719073201917004 | 0.013106114124099386
0.004458382023289298 0.8535434510435365 0.14199816693317424 | 0.0017788954192555133
0.08767797648435205 0.7369256303241862 0.17539639319146172 | 0.008011929286694964
0.0631803276344105 0.5446800590311749 0.39213961333441455 | 0.008464695734276604
0.004149464133923697 0.661704920830155 0.33414561503592133 | 0.0023767642676877834
0.022794804925916345 0.8030589990229016 0.17414619605118214 | 0.004276942335017945
0.02270084437179687 0.7014601475563789 0.2758390080718242 | 0.005131277382037297
0.006149648542663977 0.9676276842926838 0.026222667164652273 | 0.0009485404258894006
0.1120336293422709 0.644919168291803 0.24304720236592617 | 0.0102459865617042
0.004781489772987091 0.7652255261691058 0.22999298405790716 | 0.0023245453644640504
0.06244874217963292 0.6419429769479654 0.29560828087240165 | 0.00892511614027655
0.05021118591342799 0.8283953633324808 0.12139345075409119 | 0.0059178837723538906
0.025727998742878677 0.6004482009469116 0.3738238003102097 | 0.006260534642968552
0.005646565993466135 0.5515700274862902 0.44278340652024356 | 0.0031401776434880364
0.11808906971509514 0.5441122670843226 0.3377986632005823 | 0.0127871384229558
0.018242291012294687 0.8895285197924231 0.09222918919528221 | 0.003204916190793035
0.0012002556014871768 0.92850900392038 0.07029074047813273 | 0.000725134594986083
0.0455054005583464 0.02152438536945612 0.9329702140721975 | 0.0021175395576808983
0.2133944547670873 0.04906966935755949 0.7375358758753532 | 0.005895672234514246
0.24210251191931964 0.17765845029637026 0.5802390377843101 | 0.012557256216676879
0.32719073201917004 0.1898123562927368 0.4829969116880932 | 0.013106114124099386
0.14199816693317424 0.0044583820232893204 0.8535434510435365 | 0.0017788954192555133
0.17539639319146172 0.08767797648435202 0.7369256303241862 | 0.008011929286694964
0.3921396133344145 0.06318032763441064 0.5446800590311749 | 0.008464695734276604
0.33414561503592133 0.004149464133923672 0.661704920830155 | 0.0023767642676877834
0.1741461960511822 0.022794804925916238 0.8030589990229016 | 0.004276942335017945
0.27583900807182415 0.022700844371797004 0.7014601475563789 | 0.005131277382037297
0.02622266716465227 0.006149648542663968 0.9676276842926838 | 0.0009485404258894006
0.24304720236592614 0.11203362934227094 0.644919168291803 | 0.0102459865617042
0.22999298405790713 0.004781489772987132 0.7652255261691058 | 0.0023245453644640504
0.29560828087240165 0.062448742179632866 0.6419429769479654 | 0.00892511614027655
0.12139345075409114 0.050211185913428096 0.8283953633324808 | 0.0059178837723538906
0.3738238003102097 0.025727998742878733 0.6004482009469116 | 0.006260534642968552
0.4427834065202436 0.005646565993466159 0.5515700274862902 | 0.0031401776434880364
0.3377986632005824 0.11808906971509502 0.5441122670843226 | 0.0127871384229558
0.09222918919528222 0.018242291012294715 0.8895285197924231 | 0.003204916190793035
0.07029074047813277 0.0012002556014871519 0.92850900392038 | 0.000725134594986083
