--
domain: triangle
order: 9
--
0.33333333333333337 0.3333333333333333 0.3333333333333333 | 0.04856789814139942
0.02063496160252476 0.4896825191987376 0.4896825191987376 | 0.015667350113569536
0.6235929287619344 0.1882035356190328 0.1882035356190328 | 0.03982386946360513
0.12582081701412673 0.43708959149293664 0.43708959149293664 | 0.03891377050238714
0.9105409732110945 0.04472951339445275 0.04472951339445275 | 0.012788837829349017
0.4896825191987376 0.4896825191987376 0.02063496160252476 | 0.015667350113569536
0.1882035356190328 0.1882035356190328 0.6235929287619344 | 0.03982386946360513
0.4370895914929367 0.43708959149293664 0.12582081701412673 | 0.03891377050238714
0.04472951339445275 0.04472951339445275 0.9105409732110945 | 0.012788837829349017
0.4896825191987376 0.02063496160252476 0.4896825191987376 | 0.015667350113569536
0.1882035356190328 0.6235929287619344 0.1882035356190328 | 0.03982386946360513
0.4370895914929367 0.12582081701412673 0.43708959149293664 | 0.03891377050238714
0.04472951339445275 0.9105409732110945 0.04472951339445275 | 0.012788837829349017
0.741198598784498 0.0368384120547363 0.2219629891607657 | 0.021641769688644688
0.22196298916076573 0.741198598784498 0.0368384120547363 | 0.021641769688644688
0.03683841205473626 0.2219629891607657 0.741198598784498 | 0.021641769688644688
0.741198598784498 0.2219629891607657 0.0368384120547363 | 0.021641769688644688
0.03683841205473626 0.741198598784498 0.2219629891607657 | 0.021641769688644688
0.22196298916076573 0.0368384120547363 0.741198598784498 | 0.021641769688644688
