--
domain: triangle
order: 30
--
0.9933625501267107 0.003318724936644646 0.003318724936644646 | 8.586495068552472e-05
0.8552551855506441 0.07237240722467797 0.07237240722467797 | 0.001900966334207759
0.905684179515656 0.047157910242171974 0.047157910242171974 | 0.0014222168338437478
0.06393965269774915 0.4680301736511254 0.4680301736511254 | 0.0038920643661654237
0.9746267906510645 0.01268660467446775 0.01268660467446775 | 0.0004232750726644445
0.7568169835545439 0.12159150822272807 0.12159150822272807 | 0.0036934559174571445
0.6351808769650938 0.18240956151745308 0.18240956151745308 | 0.005376425482716406
0.2754254412941003 0.36228727935294985 0.36228727935294985 | 0.007798045662912898
0.1265135029030796 0.4367432485484602 0.4367432485484602 | 0.006202479514073004
0.4551439184321434 0.2724280407839283 0.2724280407839283 | 0.00745727538134288
0.005361321999382884 0.49731933900030856 0.49731933900030856 | 0.0013956590598703843
0.003318724936644646 0.003318724936644646 0.9933625501267107 | 8.586495068552472e-05
0.07237240722467797 0.07237240722467797 0.8552551855506441 | 0.001900966334207759
0.047157910242171974 0.047157910242171974 0.905684179515656 | 0.0014222168338437478
0.4680301736511254 0.4680301736511254 0.06393965269774915 | 0.0038920643661654237
0.012686604674467805 0.01268660467446775 0.9746267906510645 | 0.0004232750726644445
0.12159150822272813 0.12159150822272807 0.7568169835545439 | 0.0036934559174571445
0.18240956151745302 0.18240956151745308 0.6351808769650938 | 0.005376425482716406
0.3622872793529499 0.36228727935294985 0.2754254412941003 | 0.007798045662912898
0.43674324854846014 0.4367432485484602 0.1265135029030796 | 0.006202479514073004
0.27242804078392835 0.2724280407839283 0.4551439184321434 | 0.00745727538134288
0.49731933900030856 0.49731933900030856 0.005361321999382884 | 0.0013956590598703843
0.003318724936644646 0.9933625501267107 0.003318724936644646 | 8.586495068552472e-05
0.07237240722467797 0.8552551855506441 0.07237240722467797 | 0.001900966334207759
0.047157910242171974 0.905684179515656 0.047157910242171974 | 0.0014222168338437478
0.4680301736511254 0.06393965269774915 0.4680301736511254 | 0.0038920643661654237
0.012686604674467805 0.9746267906510645 0.01268660467446775 | 0.0004232750726644445
0.12159150822272813 0.7568169835545439 0.12159150822272807 | 0.0036934559174571445
0.18240956151745302 0.6351808769650938 0.18240956151745308 | 0.005376425482716406
0.3622872793529499 0.2754254412941003 0.36228727935294985 | 0.007798045662912898
0.43674324854846014 0.1265135029030796 0.4367432485484602 | 0.006202479514073004
0.27242804078392835 0.4551439184321434 0.2724280407839283 | 0.00745727538134288
0.49731933900030856 0.005361321999382884 0.49731933900030856 | 0.0013956590598703843
0.6931109923381601 0.047835123140772554 0.25905388452106737 | 0.002107379231956217
0.5287682847771431 0.07965952693160062 0.39157218829125634 | 0.0029624613725460075
0.5861663154298922 0.05769340127387423 0.35614028329623354 | 0.0029721100922122435
0.6397260650735271 0.0772614375768841 0.2830124973495888 | 0.003438592193767963
0.7356278532534755 0.022758384295000066 0.2416137624515244 | 0.0020462494841735996
0.6234067740413924 0.1238119787706746 0.25278124718793293 | 0.0044363272530086725
0.6992119263799823 0.11588196723610056 0.18490610638391713 | 0.003767161464773241
0.7397781780644783 0.0665174447818816 0.19370437715364014 | 0.003402003378050937
0.9191599701835511 0.00443878137706136 0.07640124843938755 | 0.000603348284271059
0.7862883331546218 0.004663579392688625 0.20904808745268963 | 0.0009794742889466218
0.6967533241762802 0.004703681764477044 0.2985429940592427 | 0.0011372229504993392
0.6404388932621002 0.025182066703868706 0.33437904003403107 | 0.002682342423093155
0.8109926237945619 0.06577657382474286 0.12323080238069513 | 0.0029350349015327634
0.5353617425851649 0.12612409498498942 0.3385141624298457 | 0.005651511771468744
0.4507254468957942 0.19487095092351842 0.35440360218068745 | 0.007158242634833795
0.5459302776699086 0.19100142457228309 0.2630682977578083 | 0.006463011725059148
0.5379004199107804 0.027533406124549888 0.4345661739646696 | 0.003140798290445832
0.8078650909487487 0.028063921981372968 0.16407098706987833 | 0.0023509684970529836
0.9414155840249849 0.015902416268934703 0.0426819997060804 | 0.0009152534380744139
0.8787459746951743 0.027294230652095765 0.09395979465272987 | 0.0019109402735475102
0.8588999350346495 0.005691211445416102 0.13540885351993445 | 0.0009599402787344589
0.5986161382437196 0.005162347016621321 0.3962215147396591 | 0.0013212839615816257
0.9699822487416315 0.000533708660694491 0.02948404259767394 | 0.00016781085573320113
0.25905388452106737 0.6931109923381601 0.047835123140772554 | 0.002107379231956217
0.3915721882912563 0.5287682847771431 0.07965952693160062 | 0.0029624613725460075
0.3561402832962336 0.5861663154298922 0.05769340127387423 | 0.0029721100922122435
0.2830124973495888 0.6397260650735271 0.0772614375768841 | 0.003438592193767963
0.24161376245152444 0.7356278532534755 0.022758384295000066 | 0.0020462494841735996
0.25278124718793293 0.6234067740413924 0.1238119787706746 | 0.0044363272530086725
0.18490610638391713 0.6992119263799823 0.11588196723610056 | 0.003767161464773241
0.19370437715364008 0.7397781780644783 0.0665174447818816 | 0.003402003378050937
0.07640124843938756 0.9191599701835511 0.00443878137706136 | 0.000603348284271059
0.20904808745268966 0.7862883331546218 0.004663579392688625 | 0.0009794742889466218
0.2985429940592427 0.6967533241762803 0.004703681764477044 | 0.0011372229504993392
0.33437904003403107 0.6404388932621002 0.025182066703868706 | 0.002682342423093155
0.12323080238069517 0.8109926237945619 0.06577657382474286 | 0.0029350349015327634
0.33851416242984567 0.5353617425851649 0.12612409498498942 | 0.005651511771468744
0.35440360218068756 0.4507254468957941 0.19487095092351842 | 0.007158242634833795
0.26306829775780827 0.5459302776699086 0.19100142457228309 | 0.006463011725059148
0.4345661739646697 0.5379004199107804 0.027533406124549888 | 0.003140798290445832
0.16407098706987833 0.8078650909487487 0.028063921981372968 | 0.0023509684970529836
0.04268199970608044 0.9414155840249848 0.015902416268934703 | 0.0009152534380744139
0.09395979465272986 0.8787459746951743 0.027294230652095765 | 0.0019109402735475102
0.13540885351993448 0.8588999350346495 0.005691211445416102 | 0.0009599402787344589
0.39622151473965905 0.5986161382437196 0.005162347016621321 | 0.0013212839615816257
0.0294840425976739 0.9699822487416316 0.000533708660694491 | 0.00016781085573320113
0.04783512314077254 0.25905388452106737 0.6931109923381601 | 0.002107379231956217
0.0796595269316005 0.39157218829125634 0.5287682847771431 | 0.0029624613725460075
0.057693401273874345 0.35614028329623354 0.5861663154298922 | 0.0029721100922122435
0.07726143757688408 0.2830124973495888 0.6397260650735271 | 0.003438592193767963
0.0227583842950001 0.2416137624515244 0.7356278532534755 | 0.0020462494841735996
0.12381197877067462 0.25278124718793293 0.6234067740413924 | 0.0044363272530086725
0.11588196723610056 0.18490610638391713 0.6992119263799823 | 0.003767161464773241
0.06651744478188149 0.19370437715364014 0.7397781780644783 | 0.003402003378050937
0.004438781377061329 0.07640124843938755 0.9191599701835511 | 0.000603348284271059
0.004663579392688577 0.20904808745268963 0.7862883331546218 | 0.0009794742889466218
0.004703681764476997 0.2985429940592427 0.6967533241762803 | 0.0011372229504993392
0.02518206670386869 0.33437904003403107 0.6404388932621002 | 0.002682342423093155
0.06577657382474289 0.12323080238069513 0.8109926237945619 | 0.0029350349015327634
0.12612409498498933 0.3385141624298457 0.5353617425851649 | 0.005651511771468744
0.19487095092351847 0.35440360218068745 0.4507254468957941 | 0.007158242634833795
0.19100142457228309 0.2630682977578083 0.5459302776699086 | 0.006463011725059148
0.02753340612455002 0.4345661739646696 0.5379004199107804 | 0.003140798290445832
0.028063921981372975 0.16407098706987833 0.8078650909487487 | 0.0023509684970529836
0.015902416268934738 0.0426819997060804 0.9414155840249848 | 0.0009152534380744139
0.027294230652095797 0.09395979465272987 0.8787459746951743 | 0.0019109402735475102
0.005691211445416067 0.13540885351993445 0.8588999350346495 | 0.0009599402787344589
0.005162347016621327 0.3962215147396591 0.5986161382437196 | 0.0013212839615816257
0.0005337086606944652 0.02948404259767394 0.9699822487416316 | 0.00016781085573320113
0.6931109923381601 0.25905388452106737 0.047835123140772554 | 0.002107379231956217
0.5287682847771431 0.39157218829125634 0.07965952693160062 | 0.0029624613725460075
0.5861663154298922 0.35614028329623354 0.05769340127387423 | 0.0029721100922122435
0.6397260650735271 0.2830124973495888 0.0772614375768841 | 0.003438592193767963
0.7356278532534755 0.2416137624515244 0.022758384295000066 | 0.0020462494841735996
0.6234067740413924 0.25278124718793293 0.1238119787706746 | 0.0044363272530086725
0.6992119263799823 0.18490610638391713 0.11588196723610056 | 0.003767161464773241
0.7397781780644783 0.19370437715364014 0.0665174447818816 | 0.003402003378050937
0.9191599701835511 0.07640124843938755 0.00443878137706136 | 0.000603348284271059
0.7862883331546218 0.20904808745268963 0.004663579392688625 | 0.0009794742889466218
0.6967533241762802 0.2985429940592427 0.004703681764477044 | 0.0011372229504993392
0.6404388932621002 0.33437904003403107 0.025182066703868706 | 0.002682342423093155
0.8109926237945619 0.12323080238069513 0.06577657382474286 | 0.0029350349015327634
0.5353617425851649 0.3385141624298457 0.12612409498498942 | 0.005651511771468744
0.4507254468957942 0.35440360218068745 0.19487095092351842 | 0.007158242634833795
0.5459302776699086 0.2630682977578083 0.19100142457228309 | 0.006463011725059148
0.5379004199107804 0.4345661739646696 0.027533406124549888 | 0.003140798290445832
0.8078650909487487 0.16407098706987833 0.028063921981372968 | 0.0023509684970529836
0.9414155840249849 0.0426819997060804 0.015902416268934703 | 0.0009152534380744139
0.8787459746951743 0.09395979465272987 0.027294230652095765 | 0.0019109402735475102
0.8588999350346495 0.13540885351993445 0.005691211445416102 | 0.0009599402787344589
0.5986161382437196 0.3962215147396591 0.005162347016621321 | 0.0013212839615816257
0.9699822487416315 0.02948404259767394 0.000533708660694491 | 0.00016781085573320113
0.04783512314077254 0.6931109923381601 0.25905388452106737 | 0.002107379231956217
0.0796595269316005 0.5287682847771431 0.39157218829125634 | 0.0029624613725460075
0.057693401273874345 0.5861663154298922 0.35614028329623354 | 0.0029721100922122435
0.07726143757688408 0.6397260650735271 0.2830124973495888 | 0.003438592193767963
0.0227583842950001 0.7356278532534755 0.2416137624515244 | 0.0020462494841735996
0.12381197877067462 0.6234067740413924 0.25278124718793293 | 0.0044363272530086725
0.11588196723610056 0.6992119263799823 0.18490610638391713 | 0.003767161464773241
0.06651744478188149 0.7397781780644783 0.19370437715364014 | 0.003402003378050937
0.004438781377061329 0.9191599701835511 0.07640124843938755 | 0.000603348284271059
0.004663579392688577 0.7862883331546218 0.20904808745268963 | 0.0009794742889466218
0.004703681764476997 0.6967533241762803 0.2985429940592427 | 0.0011372229504993392
0.02518206670386869 0.6404388932621002 0.33437904003403107 | 0.002682342423093155
0.06577657382474289 0.8109926237945619 0.12323080238069513 | 0.0029350349015327634
0.12612409498498933 0.5353617425851649 0.3385141624298457 | 0.005651511771468744
0.19487095092351847 0.4507254468957941 0.35440360218068745 | 0.007158242634833795
0.19100142457228309 0.5459302776699086 0.2630682977578083 | 0.006463011725059148
0.02753340612455002 0.5379004199107804 0.4345661739646696 | 0.003140798290445832
0.028063921981372975 0.8078650909487487 0.16407098706987833 | 0.0023509684970529836
0.015902416268934738 0.9414155840249848 0.0426819997060804 | 0.0009152534380744139
0.027294230652095797 0.8787459746951743 0.09395979465272987 | 0.0019109402735475102
0.005691211445416067 0.8588999350346495 0.13540885351993445 | 0.0009599402787344589
0.005162347016621327 0.5986161382437196 0.3962215147396591 | 0.0013212839615816257
0.0005337086606944652 0.9699822487416316 0.02948404259767394 | 0.00016781085573320113
0.25905388452106737 0.047835123140772554 0.6931109923381601 | 0.002107379231956217
0.3915721882912563 0.07965952693160062 0.5287682847771431 | 0.0029624613725460075
0.3561402832962336 0.05769340127387423 0.5861663154298922 | 0.0029721100922122435
0.2830124973495888 0.0772614375768841 0.6397260650735271 | 0.003438592193767963
0.24161376245152444 0.022758384295000066 0.7356278532534755 | 0.0020462494841735996
0.25278124718793293 0.1238119787706746 0.6234067740413924 | 0.0044363272530086725
0.18490610638391713 0.11588196723610056 0.6992119263799823 | 0.003767161464773241
0.19370437715364008 0.0665174447818816 0.7397781780644783 | 0.003402003378050937
0.07640124843938756 0.00443878137706136 0.9191599701835511 | 0.000603348284271059
0.20904808745268966 0.004663579392688625 0.7862883331546218 | 0.0009794742889466218
0.2985429940592427 0.004703681764477044 0.6967533241762803 | 0.0011372229504993392
0.33437904003403107 0.025182066703868706 0.6404388932621002 | 0.002682342423093155
0.12323080238069517 0.06577657382474286 0.8109926237945619 | 0.0029350349015327634
0.33851416242984567 0.12612409498498942 0.5353617425851649 | 0.005651511771468744
0.35440360218068756 0.19487095092351842 0.4507254468957941 | 0.007158242634833795
0.26306829775780827 0.19100142457228309 0.5459302776699086 | 0.006463011725059148
0.4345661739646697 0.027533406124549888 0.5379004199107804 | 0.003140798290445832
0.16407098706987833 0.028063921981372968 0.8078650909487487 | 0.0023509684970529836
0.04268199970608044 0.015902416268934703 0.9414155840249848 | 0.0009152534380744139
0.09395979465272986 0.027294230652095765 0.8787459746951743 | 0.0019109402735475102
0.13540885351993448 0.005691211445416102 0.8588999350346495 | 0.0009599402787344589
0.39622151473965905 0.005162347016621321 0.5986161382437196 | 0.0013212839615816257
0.0294840425976739 0.000533708660694491 0.9699822487416316 | 0.00016781085573320113
