--
domain: triangle
order: 20
--
0.33333333333333337 0.3333333333333333 0.3333333333333333 | 0.027820221402906232
0.6274100045109181 0.18629499774454095 0.18629499774454095 | 0.01834692594850583
0.9253782388022305 0.037310880598884766 0.037310880598884766 | 0.0043225508213311555
0.047508776919002016 0.476245611540499 0.476245611540499 | 0.014203650606816881
0.10889788608815043 0.4455510569559248 0.4455510569559248 | 0.018904799866464896
0.4908414646533217 0.25457926767333916 0.25457926767333916 | 0.028166402615040498
0.21314930436580026 0.39342534781709987 0.39342534781709987 | 0.027576101258140917
0.9780477179432042 0.01097614102839789 0.01097614102839789 | 0.00159768158213324
0.7812328065765706 0.10938359671171471 0.10938359671171471 | 0.01566046155214907
0.18629499774454095 0.18629499774454095 0.6274100045109181 | 0.01834692594850583
0.037310880598884766 0.037310880598884766 0.9253782388022305 | 0.0043225508213311555
0.47624561154049894 0.476245611540499 0.047508776919002016 | 0.014203650606816881
0.4455510569559248 0.4455510569559248 0.10889788608815043 | 0.018904799866464896
0.25457926767333916 0.25457926767333916 0.4908414646533217 | 0.028166402615040498
0.3934253478170999 0.39342534781709987 0.21314930436580026 | 0.027576101258140917
0.010976141028397945 0.01097614102839789 0.9780477179432042 | 0.00159768158213324
0.10938359671171471 0.10938359671171471 0.7812328065765706 | 0.01566046155214907
0.18629499774454095 0.6274100045109181 0.18629499774454095 | 0.01834692594850583
0.037310880598884766 0.9253782388022305 0.037310880598884766 | 0.0043225508213311555
0.47624561154049894 0.047508776919002016 0.476245611540499 | 0.014203650606816881
0.4455510569559248 0.10889788608815043 0.4455510569559248 | 0.018904799866464896
0.25457926767333916 0.4908414646533217 0.25457926767333916 | 0.028166402615040498
0.3934253478170999 0.21314930436580026 0.39342534781709987 | 0.027576101258140917
0.010976141028397945 0.9780477179432042 0.01097614102839789 | 0.00159768158213324
0.10938359671171471 0.7812328065765706 0.10938359671171471 | 0.01566046155214907
0.9310544767839422 0.004854937607623827 0.06409058560843404 | 0.002259739204251731
0.6781657378896355 0.10622720472027006 0.2156070573900944 | 0.015445215644198462
0.8332955118382361 0.007570780504696579 0.15913370765706722 | 0.004405794837116996
0.5423318041724281 0.13980807199179993 0.317860123835772 | 0.02338349146365547
0.7549215028635474 0.04656036490766434 0.19851813222878817 | 0.01197279715790938
0.8616840189364867 0.038363684775374655 0.09995229628813862 | 0.008291423055227716
0.5701446928909734 0.009831548292802588 0.42002375881622406 | 0.007391363000510596
0.6118777035474257 0.05498747914298685 0.33313481730958744 | 0.01733445113443867
0.7086813757203236 0.01073721285601111 0.2805814114236652 | 0.007156400476915371
0.06409058560843406 0.9310544767839422 0.004854937607623827 | 0.002259739204251731
0.21560705739009445 0.6781657378896355 0.10622720472027006 | 0.015445215644198462
0.15913370765706725 0.8332955118382361 0.007570780504696579 | 0.004405794837116996
0.317860123835772 0.5423318041724281 0.13980807199179993 | 0.02338349146365547
0.19851813222878822 0.7549215028635474 0.04656036490766434 | 0.01197279715790938
0.09995229628813862 0.8616840189364867 0.038363684775374655 | 0.008291423055227716
0.4200237588162241 0.5701446928909732 0.009831548292802588 | 0.007391363000510596
0.3331348173095875 0.6118777035474257 0.05498747914298685 | 0.01733445113443867
0.2805814114236652 0.7086813757203236 0.01073721285601111 | 0.007156400476915371
0.004854937607623788 0.06409058560843404 0.9310544767839422 | 0.002259739204251731
0.10622720472027014 0.2156070573900944 0.6781657378896355 | 0.015445215644198462
0.007570780504696617 0.15913370765706722 0.8332955118382361 | 0.004405794837116996
0.1398080719917999 0.317860123835772 0.5423318041724281 | 0.02338349146365547
0.046560364907664464 0.19851813222878817 0.7549215028635474 | 0.01197279715790938
0.03836368477537466 0.09995229628813862 0.8616840189364867 | 0.008291423055227716
0.009831548292802639 0.42002375881622406 0.5701446928909732 | 0.007391363000510596
0.05498747914298696 0.33313481730958744 0.6118777035474257 | 0.01733445113443867
0.010737212856011147 0.2805814114236652 0.7086813757203236 | 0.007156400476915371
0.9310544767839422 0.06409058560843404 0.004854937607623827 | 0.002259739204251731
0.6781657378896355 0.2156070573900944 0.10622720472027006 | 0.015445215644198462
0.8332955118382361 0.15913370765706722 0.007570780504696579 | 0.004405794837116996
0.5423318041724281 0.317860123835772 0.13980807199179993 | 0.02338349146365547
0.7549215028635474 0.19851813222878817 0.04656036490766434 | 0.01197279715790938
0.8616840189364867 0.09995229628813862 0.038363684775374655 | 0.008291423055227716
0.5701446928909734 0.42002375881622406 0.009831548292802588 | 0.007391363000510596
0.6118777035474257 0.33313481730958744 0.05498747914298685 | 0.01733445113443867
0.7086813757203236 0.2805814114236652 0.01073721285601111 | 0.007156400476915371
0.004854937607623788 0.9310544767839422 0.06409058560843404 | 0.002259739204251731
0.10622720472027014 0.6781657378896355 0.2156070573900944 | 0.015445215644198462
0.007570780504696617 0.8332955118382361 0.15913370765706722 | 0.004405794837116996
0.1398080719917999 0.5423318041724281 0.317860123835772 | 0.02338349146365547
0.046560364907664464 0.7549215028635474 0.19851813222878817 | 0.01197279715790938
0.03836368477537466 0.8616840189364867 0.09995229628813862 | 0.008291423055227716
0.009831548292802639 0.5701446928909732 0.42002375881622406 | 0.007391363000510596
0.05498747914298696 0.6118777035474257 0.33313481730958744 | 0.01733445113443867
0.010737212856011147 0.7086813757203236 0.2805814114236652 | 0.007156400476915371
0.06409058560843406 0.004854937607623827 0.9310544767839422 | 0.002259739204251731
0.21560705739009445 0.10622720472027006 0.6781657378896355 | 0.015445215644198462
0.15913370765706725 0.007570780504696579 0.8332955118382361 | 0.004405794837116996
0.317860123835772 0.13980807199179993 0.5423318041724281 | 0.02338349146365547
0.19851813222878822 0.04656036490766434 0.7549215028635474 | 0.01197279715790938
0.09995229628813862 0.038363684775374655 0.8616840189364867 | 0.008291423055227716
0.4200237588162241 0.009831548292802588 0.5701446928909732 | 0.007391363000510596
0.3331348173095875 0.05498747914298685 0.6118777035474257 | 0.01733445113443867
0.2805814114236652 0.01073721285601111 0.7086813757203236 | 0.007156400476915371
