--
domain: triangle
order: 19
--
0.33333333333333337 0.3333333333333333 0.3333333333333333 | 0.017234580425452638
0.8949474402917927 0.05252627985410363 0.05252627985410363 | 0.0035546968113974735
0.7771038885660024 0.11144805571699878 0.11144805571699878 | 0.007617478258502418
0.9767219453441547 0.011639027327922657 0.011639027327922657 | 0.0008825962091542701
0.4896757336937503 0.25516213315312486 0.25516213315312486 | 0.01587642729376499
0.19206056406722782 0.4039697179663861 0.4039697179663861 | 0.01576867932261981
0.6436579878407449 0.17817100607962755 0.17817100607962755 | 0.012325990526792415
0.08161122208634475 0.4591943889568276 0.4591943889568276 | 0.011491785488561626
0.014975100268251551 0.4925124498658742 0.4925124498658742 | 0.005160941091209432
0.05252627985410363 0.05252627985410363 0.8949474402917927 | 0.0035546968113974735
0.11144805571699878 0.11144805571699878 0.7771038885660024 | 0.007617478258502418
0.011639027327922657 0.011639027327922657 0.9767219453441547 | 0.0008825962091542701
0.25516213315312486 0.25516213315312486 0.4896757336937503 | 0.01587642729376499
0.40396971796638614 0.4039697179663861 0.19206056406722782 | 0.01576867932261981
0.17817100607962755 0.17817100607962755 0.6436579878407449 | 0.012325990526792415
0.4591943889568276 0.4591943889568276 0.08161122208634475 | 0.011491785488561626
0.49251244986587417 0.4925124498658742 0.014975100268251551 | 0.005160941091209432
0.05252627985410363 0.8949474402917927 0.05252627985410363 | 0.0035546968113974735
0.11144805571699878 0.7771038885660024 0.11144805571699878 | 0.007617478258502418
0.011639027327922657 0.9767219453441547 0.011639027327922657 | 0.0008825962091542701
0.25516213315312486 0.4896757336937503 0.25516213315312486 | 0.01587642729376499
0.40396971796638614 0.19206056406722782 0.4039697179663861 | 0.01576867932261981
0.17817100607962755 0.6436579878407449 0.17817100607962755 | 0.012325990526792415
0.4591943889568276 0.08161122208634475 0.4591943889568276 | 0.011491785488561626
0.49251244986587417 0.014975100268251551 0.4925124498658742 | 0.005160941091209432
0.8525725750765226 0.005005142352350433 0.1424222825711269 | 0.0014628462439400358
0.9301390385986208 0.009777061438676854 0.06008389996270236 | 0.0016636944202969523
0.8301568806048566 0.039142449434608845 0.13070066996053453 | 0.004847759540812101
0.5593688070080342 0.129312809767979 0.31131838322398686 | 0.013173132353722682
0.7040048688065315 0.07456118930435514 0.22143394188911344 | 0.009054037295215252
0.60508575853531 0.04088831446497813 0.3540259269997119 | 0.008051104730469714
0.7431822570856689 0.014923638907438481 0.24189410400689262 | 0.00422796241954674
0.6333104818121876 0.0020691038491023883 0.36462041433871 | 0.0016410687574198689
0.14242228257112688 0.8525725750765227 0.005005142352350433 | 0.0014628462439400358
0.06008389996270236 0.9301390385986208 0.009777061438676854 | 0.0016636944202969523
0.13070066996053453 0.8301568806048566 0.039142449434608845 | 0.004847759540812101
0.31131838322398686 0.5593688070080342 0.129312809767979 | 0.013173132353722682
0.22143394188911347 0.7040048688065313 0.07456118930435514 | 0.009054037295215252
0.3540259269997119 0.60508575853531 0.04088831446497813 | 0.008051104730469714
0.2418941040068926 0.7431822570856689 0.014923638907438481 | 0.00422796241954674
0.36462041433871006 0.6333104818121875 0.0020691038491023883 | 0.0016410687574198689
0.005005142352350389 0.1424222825711269 0.8525725750765227 | 0.0014628462439400358
0.009777061438676848 0.06008389996270236 0.9301390385986208 | 0.0016636944202969523
0.03914244943460887 0.13070066996053453 0.8301568806048566 | 0.004847759540812101
0.129312809767979 0.31131838322398686 0.5593688070080342 | 0.013173132353722682
0.07456118930435518 0.22143394188911344 0.7040048688065313 | 0.009054037295215252
0.04088831446497809 0.3540259269997119 0.60508575853531 | 0.008051104730469714
0.01492363890743853 0.24189410400689262 0.7431822570856689 | 0.00422796241954674
0.002069103849102527 0.36462041433871 0.6333104818121875 | 0.0016410687574198689
0.8525725750765226 0.1424222825711269 0.005005142352350433 | 0.0014628462439400358
0.9301390385986208 0.06008389996270236 0.009777061438676854 | 0.0016636944202969523
0.8301568806048566 0.13070066996053453 0.039142449434608845 | 0.004847759540812101
0.5593688070080342 0.31131838322398686 0.129312809767979 | 0.013173132353722682
0.7040048688065315 0.22143394188911344 0.07456118930435514 | 0.009054037295215252
0.60508575853531 0.3540259269997119 0.04088831446497813 | 0.008051104730469714
0.7431822570856689 0.24189410400689262 0.014923638907438481 | 0.00422796241954674
0.6333104818121876 0.36462041433871 0.0020691038491023883 | 0.0016410687574198689
0.005005142352350389 0.8525725750765227 0.1424222825711269 | 0.0014628462439400358
0.009777061438676848 0.9301390385986208 0.06008389996270236 | 0.0016636944202969523
0.03914244943460887 0.8301568806048566 0.13070066996053453 | 0.004847759540812101
0.129312809767979 0.5593688070080342 0.31131838322398686 | 0.013173132353722682
0.07456118930435518 0.7040048688065313 0.22143394188911344 | 0.009054037295215252
0.04088831446497809 0.60508575853531 0.3540259269997119 | 0.008051104730469714
0.01492363890743853 0.7431822570856689 0.24189410400689262 | 0.00422796241954674
0.002069103849102527 0.6333104818121875 0.36462041433871 | 0.0016410687574198689
0.14242228257112688 0.005005142352350433 0.8525725750765227 | 0.0014628462439400358
0.06008389996270236 0.009777061438676854 0.9301390385986208 | 0.0016636944202969523
0.13070066996053453 0.039142449434608845 0.8301568806048566 | 0.004847759540812101
0.31131838322398686 0.129312809767979 0.5593688070080342 | 0.013173132353722682
0.22143394188911347 0.07456118930435514 0.7040048688065313 | 0.009054037295215252
0.3540259269997119 0.04088831446497813 0.60508575853531 | 0.008051104730469714
0.2418941040068926 0.014923638907438481 0.7431822570856689 | 0.00422796241954674
0.36462041433871006 0.0020691038491023883 0.6333104818121875 | 0.0016410687574198689
