--
domain: triangle
order: 13
--
0.33333333333333337 0.3333333333333333 0.3333333333333333 | 0.02581132333214541
0.007728210517907841 0.4961358947410461 0.4961358947410461 | 0.004970738180536294
0.06078262069301621 0.4696086896534919 0.4696086896534919 | 0.01639062080186149
0.5377794301018355 0.23111028494908226 0.23111028494908226 | 0.023031204796389124
0.17104485944189085 0.4144775702790546 0.4144775702790546 | 0.0234735477710776
0.7728801748557335 0.11355991257213327 0.11355991257213327 | 0.015451548987879897
0.950208137017567 0.024895931491216494 0.024895931491216494 | 0.0040146998976292115
0.49613589474104614 0.4961358947410461 0.007728210517907841 | 0.004970738180536294
0.4696086896534919 0.4696086896534919 0.06078262069301621 | 0.01639062080186149
0.23111028494908226 0.23111028494908226 0.5377794301018355 | 0.023031204796389124
0.41447757027905463 0.4144775702790546 0.17104485944189085 | 0.0234735477710776
0.11355991257213327 0.11355991257213327 0.7728801748557335 | 0.015451548987879897
0.024895931491216494 0.024895931491216494 0.950208137017567 | 0.0040146998976292115
0.49613589474104614 0.007728210517907841 0.4961358947410461 | 0.004970738180536294
0.4696086896534919 0.06078262069301621 0.4696086896534919 | 0.01639062080186149
0.23111028494908226 0.5377794301018355 0.23111028494908226 | 0.023031204796389124
0.41447757027905463 0.17104485944189085 0.4144775702790546 | 0.0234735477710776
0.11355991257213327 0.7728801748557335 0.11355991257213327 | 0.015451548987879897
0.024895931491216494 0.950208137017567 0.024895931491216494 | 0.0040146998976292115
0.6889333070396046 0.01898800438375904 0.2920786885766364 | 0.00906274932310044
0.6355187156236324 0.09773603106601653 0.26674525331035115 | 0.018605980228630768
0.8512338800096335 0.021966344206529244 0.1267997757838373 | 0.007696536341891089
0.2920786885766363 0.6889333070396046 0.01898800438375904 | 0.00906274932310044
0.26674525331035115 0.6355187156236324 0.09773603106601653 | 0.018605980228630768
0.12679977578383728 0.8512338800096335 0.021966344206529244 | 0.007696536341891089
0.018988004383758916 0.2920786885766364 0.6889333070396046 | 0.00906274932310044
0.09773603106601647 0.26674525331035115 0.6355187156236324 | 0.018605980228630768
0.02196634420652921 0.1267997757838373 0.8512338800096335 | 0.007696536341891089
0.6889333070396046 0.2920786885766364 0.01898800438375904 | 0.00906274932310044
0.6355187156236324 0.26674525331035115 0.09773603106601653 | 0.018605980228630768
0.8512338800096335 0.1267997757838373 0.021966344206529244 | 0.007696536341891089
0.018988004383758916 0.6889333070396046 0.2920786885766364 | 0.00906274932310044
0.09773603106601647 0.6355187156236324 0.26674525331035115 | 0.018605980228630768
0.02196634420652921 0.8512338800096335 0.1267997757838373 | 0.007696536341891089
0.2920786885766363 0.01898800438375904 0.6889333070396046 | 0.00906274932310044
0.26674525331035115 0.09773603106601653 0.6355187156236324 | 0.018605980228630768
0.12679977578383728 0.021966344206529244 0.8512338800096335 | 0.007696536341891089
