--
domain: triangle
order: 18
--
0.33333333333333337 0.3333333333333333 0.3333333333333333 | 0.01537426061955793
0.05016357735190857 0.4749182113240457 0.4749182113240457 | 0.006553513745869378
0.6967229860547901 0.15163850697260495 0.15163850697260495 | 0.0101591694227292
0.177865796248161 0.4110671018759195 0.4110671018759195 | 0.01673599702992395
0.46877078018925156 0.2656146099053742 0.2656146099053742 | 0.015558198301003067
0.9924821113178631 0.0037589443410684376 0.0037589443410684376 | 0.0002660028084738903
0.855122588865334 0.072438705567333 0.072438705567333 | 0.006895143302383471
0.47491821132404577 0.4749182113240457 0.05016357735190857 | 0.006553513745869378
0.15163850697260495 0.15163850697260495 0.6967229860547901 | 0.0101591694227292
0.41106710187591955 0.4110671018759195 0.177865796248161 | 0.01673599702992395
0.2656146099053742 0.2656146099053742 0.46877078018925156 | 0.015558198301003067
0.003758944341068382 0.0037589443410684376 0.9924821113178631 | 0.0002660028084738903
0.072438705567333 0.072438705567333 0.855122588865334 | 0.006895143302383471
0.47491821132404577 0.05016357735190857 0.4749182113240457 | 0.006553513745869378
0.15163850697260495 0.6967229860547901 0.15163850697260495 | 0.0101591694227292
0.41106710187591955 0.177865796248161 0.4110671018759195 | 0.01673599702992395
0.2656146099053742 0.46877078018925156 0.2656146099053742 | 0.015558198301003067
0.003758944341068382 0.9924821113178631 0.0037589443410684376 | 0.0002660028084738903
0.072438705567333 0.855122588865334 0.072438705567333 | 0.006895143302383471
0.5245289252324956 0.09042704035434063 0.3850440344131637 | 0.007664129097276571
0.9402249256838527 0.012498932483495477 0.04727614183265175 | 0.0021087583873722216
0.6439263069481049 0.05401173533902428 0.30206195771287075 | 0.008182954206993283
0.7329888214065166 0.010505018819241962 0.2565061597742415 | 0.0038649176400031137
0.7553984164057089 0.06612245802840343 0.17847912556588763 | 0.00845582695874004
0.5823597834782124 0.14906691012577386 0.2685733063960138 | 0.01379644324428974
0.5772425066507145 0.011691824674667157 0.41106566867461836 | 0.004793062237180752
0.8528896449496688 0.014331524778941987 0.1327788302713893 | 0.0038208524863598183
0.3850440344131636 0.5245289252324957 0.09042704035434063 | 0.007664129097276571
0.04727614183265172 0.9402249256838529 0.012498932483495477 | 0.0021087583873722216
0.3020619577128708 0.6439263069481049 0.05401173533902428 | 0.008182954206993283
0.2565061597742415 0.7329888214065166 0.010505018819241962 | 0.0038649176400031137
0.17847912556588763 0.7553984164057089 0.06612245802840343 | 0.00845582695874004
0.26857330639601373 0.5823597834782124 0.14906691012577386 | 0.01379644324428974
0.41106566867461836 0.5772425066507145 0.011691824674667157 | 0.004793062237180752
0.13277883027138926 0.8528896449496688 0.014331524778941987 | 0.0038208524863598183
0.09042704035434057 0.3850440344131637 0.5245289252324957 | 0.007664129097276571
0.012498932483495429 0.04727614183265175 0.9402249256838529 | 0.0021087583873722216
0.05401173533902437 0.30206195771287075 0.6439263069481049 | 0.008182954206993283
0.01050501881924193 0.2565061597742415 0.7329888214065166 | 0.0038649176400031137
0.06612245802840344 0.17847912556588763 0.7553984164057089 | 0.00845582695874004
0.14906691012577378 0.2685733063960138 0.5823597834782124 | 0.01379644324428974
0.011691824674667117 0.41106566867461836 0.5772425066507145 | 0.004793062237180752
0.014331524778941951 0.1327788302713893 0.8528896449496688 | 0.0038208524863598183
0.5245289252324956 0.3850440344131637 0.09042704035434063 | 0.007664129097276571
0.9402249256838527 0.04727614183265175 0.012498932483495477 | 0.0021087583873722216
0.6439263069481049 0.30206195771287075 0.05401173533902428 | 0.008182954206993283
0.7329888214065166 0.2565061597742415 0.010505018819241962 | 0.0038649176400031137
0.7553984164057089 0.17847912556588763 0.06612245802840343 | 0.00845582695874004
0.5823597834782124 0.2685733063960138 0.14906691012577386 | 0.01379644324428974
0.5772425066507145 0.41106566867461836 0.011691824674667157 | 0.004793062237180752
0.8528896449496688 0.1327788302713893 0.014331524778941987 | 0.0038208524863598183
0.09042704035434057 0.5245289252324957 0.3850440344131637 | 0.007664129097276571
0.012498932483495429 0.9402249256838529 0.04727614183265175 | 0.0021087583873722216
0.05401173533902437 0.6439263069481049 0.30206195771287075 | 0.008182954206993283
0.01050501881924193 0.7329888214065166 0.2565061597742415 | 0.0038649176400031137
0.06612245802840344 0.7553984164057089 0.17847912556588763 | 0.00845582695874004
0.14906691012577378 0.5823597834782124 0.2685733063960138 | 0.01379644324428974
0.011691824674667117 0.5772425066507145 0.41106566867461836 | 0.004793062237180752
0.014331524778941951 0.8528896449496688 0.1327788302713893 | 0.0038208524863598183
0.3850440344131636 0.09042704035434063 0.5245289252324957 | 0.007664129097276571
0.04727614183265172 0.012498932483495477 0.9402249256838529 | 0.0021087583873722216
0.3020619577128708 0.05401173533902428 0.6439263069481049 | 0.008182954206993283
0.2565061597742415 0.010505018819241962 0.7329888214065166 | 0.0038649176400031137
0.17847912556588763 0.06612245802840343 0.7553984164057089 | 0.00845582695874004
0.26857330639601373 0.14906691012577386 0.5823597834782124 | 0.01379644324428974
0.41106566867461836 0.011691824674667157 0.5772425066507145 | 0.004793062237180752
0.13277883027138926 0.014331524778941987 0.8528896449496688 | 0.0038208524863598183
