--
domain: triangle
order: 23
--
0.33333333333333337 0.3333333333333333 0.3333333333333333 | 0.012626530161518105
0.9219854624859356 0.0390072687570322 0.0390072687570322 | 0.001957870129516468
0.039342245325382996 0.4803288773373085 0.4803288773373085 | 0.00569894463390038
0.8263179035847336 0.08684104820763322 0.08684104820763322 | 0.004479958512756771
0.21135298797691693 0.39432350601154154 0.39432350601154154 | 0.011837304231564011
0.46749736424550536 0.2662513178772473 0.2662513178772473 | 0.011903931443749882
0.7257412253767046 0.1371293873116477 0.1371293873116477 | 0.007279724696370875
0.002081137580827397 0.4989594312095863 0.4989594312095863 | 0.0012037723020907048
0.11061511574454497 0.4446924421277275 0.4446924421277275 | 0.009475975334669443
0.6025003872069274 0.19874980639653628 0.19874980639653628 | 0.009967638940052512
0.9819671195888031 0.009016440205598442 0.009016440205598442 | 0.0005326806164146575
0.0390072687570322 0.0390072687570322 0.9219854624859356 | 0.001957870129516468
0.48032887733730845 0.4803288773373085 0.039342245325382996 | 0.00569894463390038
0.08684104820763316 0.08684104820763322 0.8263179035847336 | 0.004479958512756771
0.39432350601154154 0.39432350601154154 0.21135298797691693 | 0.011837304231564011
0.2662513178772473 0.2662513178772473 0.46749736424550536 | 0.011903931443749882
0.1371293873116477 0.1371293873116477 0.7257412253767046 | 0.007279724696370875
0.4989594312095863 0.4989594312095863 0.002081137580827397 | 0.0012037723020907048
0.4446924421277275 0.4446924421277275 0.11061511574454497 | 0.009475975334669443
0.19874980639653628 0.19874980639653628 0.6025003872069274 | 0.009967638940052512
0.009016440205598442 0.009016440205598442 0.9819671195888031 | 0.0005326806164146575
0.0390072687570322 0.9219854624859356 0.0390072687570322 | 0.001957870129516468
0.48032887733730845 0.039342245325382996 0.4803288773373085 | 0.00569894463390038
0.08684104820763316 0.8263179035847336 0.08684104820763322 | 0.004479958512756771
0.39432350601154154 0.21135298797691693 0.39432350601154154 | 0.011837304231564011
0.2662513178772473 0.46749736424550536 0.2662513178772473 | 0.011903931443749882
0.1371293873116477 0.7257412253767046 0.1371293873116477 | 0.007279724696370875
0.4989594312095863 0.002081137580827397 0.4989594312095863 | 0.0012037723020907048
0.4446924421277275 0.11061511574454497 0.4446924421277275 | 0.009475975334669443
0.19874980639653628 0.6025003872069274 0.19874980639653628 | 0.009967638940052512
0.009016440205598442 0.9819671195888031 0.009016440205598442 | 0.0005326806164146575
0.8166259474208892 0.02387025365435361 0.15950379892475722 | 0.0012640830276911316
0.8807088179167909 0.005189821760844536 0.11410136032236454 | 0.0011125098648622574
0.8717190926395587 0.0327410291887064 0.0955398781717349 | 0.0026640152155973924
0.6863901320923317 0.0024475998559663793 0.31116226805170194 | 0.0011405518381279172
0.7856574783566395 0.008725289585308535 0.20561723205805207 | 0.002057375172208046
0.9455758306400303 0.007162539910244482 0.0472616294497253 | 0.0009762956639453631
0.5729634522431619 0.068526954187213 0.3585095935696251 | 0.007490556696599583
0.6577888986377031 0.10172832932728422 0.2404827720350127 | 0.008060620818508576
0.7687161216332605 0.05835157523751544 0.17293230312922397 | 0.0052351282465650335
0.5288655369406456 0.1548301554055162 0.3163043076538381 | 0.010422197929484405
0.5874824534670472 0.014758969729945169 0.39775857680300764 | 0.0035488894172609124
0.688212121993365 0.03299370819253279 0.27879416981410227 | 0.005087787328353519
0.1595037989247572 0.8166259474208892 0.02387025365435361 | 0.0012640830276911316
0.11410136032236451 0.880708817916791 0.005189821760844536 | 0.0011125098648622574
0.09553987817173493 0.8717190926395587 0.0327410291887064 | 0.0026640152155973924
0.311162268051702 0.6863901320923316 0.0024475998559663793 | 0.0011405518381279172
0.20561723205805205 0.7856574783566395 0.008725289585308535 | 0.002057375172208046
0.04726162944972534 0.9455758306400301 0.007162539910244482 | 0.0009762956639453631
0.3585095935696251 0.5729634522431619 0.068526954187213 | 0.007490556696599583
0.24048277203501267 0.6577888986377031 0.10172832932728422 | 0.008060620818508576
0.17293230312922403 0.7687161216332605 0.05835157523751544 | 0.0052351282465650335
0.3163043076538381 0.5288655369406456 0.1548301554055162 | 0.010422197929484405
0.39775857680300764 0.5874824534670472 0.014758969729945169 | 0.0035488894172609124
0.2787941698141022 0.688212121993365 0.03299370819253279 | 0.005087787328353519
0.02387025365435358 0.15950379892475722 0.8166259474208892 | 0.0012640830276911316
0.005189821760844482 0.11410136032236454 0.880708817916791 | 0.0011125098648622574
0.03274102918870636 0.0955398781717349 0.8717190926395587 | 0.0026640152155973924
0.0024475998559665424 0.31116226805170194 0.6863901320923316 | 0.0011405518381279172
0.008725289585308493 0.20561723205805207 0.7856574783566395 | 0.002057375172208046
0.007162539910244514 0.0472616294497253 0.9455758306400301 | 0.0009762956639453631
0.068526954187213 0.3585095935696251 0.5729634522431619 | 0.007490556696599583
0.10172832932728426 0.2404827720350127 0.6577888986377031 | 0.008060620818508576
0.05835157523751544 0.17293230312922397 0.7687161216332605 | 0.0052351282465650335
0.15483015540551626 0.3163043076538381 0.5288655369406456 | 0.010422197929484405
0.01475896972994517 0.39775857680300764 0.5874824534670472 | 0.0035488894172609124
0.03299370819253267 0.27879416981410227 0.688212121993365 | 0.005087787328353519
0.8166259474208892 0.15950379892475722 0.02387025365435361 | 0.0012640830276911316
0.8807088179167909 0.11410136032236454 0.005189821760844536 | 0.0011125098648622574
0.8717190926395587 0.0955398781717349 0.0327410291887064 | 0.0026640152155973924
0.6863901320923317 0.31116226805170194 0.0024475998559663793 | 0.0011405518381279172
0.7856574783566395 0.20561723205805207 0.008725289585308535 | 0.002057375172208046
0.9455758306400303 0.0472616294497253 0.007162539910244482 | 0.0009762956639453631
0.5729634522431619 0.3585095935696251 0.068526954187213 | 0.007490556696599583
0.6577888986377031 0.2404827720350127 0.10172832932728422 | 0.008060620818508576
0.7687161216332605 0.17293230312922397 0.05835157523751544 | 0.0052351282465650335
0.5288655369406456 0.3163043076538381 0.1548301554055162 | 0.010422197929484405
0.5874824534670472 0.39775857680300764 0.014758969729945169 | 0.0035488894172609124
0.688212121993365 0.27879416981410227 0.03299370819253279 | 0.005087787328353519
0.02387025365435358 0.8166259474208892 0.15950379892475722 | 0.0012640830276911316
0.005189821760844482 0.880708817916791 0.11410136032236454 | 0.0011125098648622574
0.03274102918870636 0.8717190926395587 0.0955398781717349 | 0.0026640152155973924
0.0024475998559665424 0.6863901320923316 0.31116226805170194 | 0.0011405518381279172
0.008725289585308493 0.7856574783566395 0.20561723205805207 | 0.002057375172208046
0.007162539910244514 0.9455758306400301 0.0472616294497253 | 0.0009762956639453631
0.068526954187213 0.5729634522431619 0.3585095935696251 | 0.007490556696599583
0.10172832932728426 0.6577888986377031 0.2404827720350127 | 0.008060620818508576
0.05835157523751544 0.7687161216332605 0.17293230312922397 | 0.0052351282465650335
0.15483015540551626 0.5288655369406456 0.3163043076538381 | 0.010422197929484405
0.01475896972994517 0.5874824534670472 0.39775857680300764 | 0.0035488894172609124
0.03299370819253267 0.688212121993365 0.27879416981410227 | 0.005087787328353519
0.1595037989247572 0.02387025365435361 0.8166259474208892 | 0.0012640830276911316
0.11410136032236451 0.005189821760844536 0.880708817916791 | 0.0011125098648622574
0.09553987817173493 0.0327410291887064 0.8717190926395587 | 0.0026640152155973924
0.311162268051702 0.0024475998559663793 0.6863901320923316 | 0.0011405518381279172
0.20561723205805205 0.008725289585308535 0.7856574783566395 | 0.002057375172208046
0.04726162944972534 0.007162539910244482 0.9455758306400301 | 0.0009762956639453631
0.3585095935696251 0.068526954187213 0.5729634522431619 | 0.007490556696599583
0.24048277203501267 0.10172832932728422 0.6577888986377031 | 0.008060620818508576
0.17293230312922403 0.05835157523751544 0.7687161216332605 | 0.0052351282465650335
0.3163043076538381 0.1548301554055162 0.5288655369406456 | 0.010422197929484405
0.39775857680300764 0.014758969729945169 0.5874824534670472 | 0.0035488894172609124
0.2787941698141022 0.03299370819253279 0.688212121993365 | 0.005087787328353519
