--
domain: triangle
order: 27
--
0.23857195763762562 0.3807140211811872 0.3807140211811872 | 0.00956008496745992
0.10666439259227078 0.4466678037038646 0.4466678037038646 | 0.009410159809454225
0.16771724238917574 0.41614137880541213 0.41614137880541213 | 0.012050227024150434
0.8393907044231231 0.08030464778843843 0.08030464778843843 | 0.0052126218728018765
0.5331991866602577 0.23340040666987116 0.23340040666987116 | 0.013471315398049376
0.39766906966698157 0.3011654651665092 0.3011654651665092 | 0.015747965781362654
0.6504400672901999 0.17477996635490006 0.17477996635490006 | 0.01128244254469838
0.02886989162967446 0.48556505418516277 0.48556505418516277 | 0.007117237412874642
0.9348569596396366 0.03257152018018172 0.03257152018018172 | 0.002777339528954181
0.7448581961906448 0.12757090190467762 0.12757090190467762 | 0.009743244922817732
0.9867215616380822 0.0066392191809588885 0.0066392191809588885 | 0.0005754424056705024
0.38071402118118725 0.3807140211811872 0.23857195763762562 | 0.00956008496745992
0.4466678037038646 0.4466678037038646 0.10666439259227078 | 0.009410159809454225
0.41614137880541213 0.41614137880541213 0.16771724238917574 | 0.012050227024150434
0.08030464778843838 0.08030464778843843 0.8393907044231231 | 0.0052126218728018765
0.23340040666987116 0.23340040666987116 0.5331991866602577 | 0.013471315398049376
0.3011654651665092 0.3011654651665092 0.39766906966698157 | 0.015747965781362654
0.17477996635490012 0.17477996635490006 0.6504400672901999 | 0.01128244254469838
0.4855650541851628 0.48556505418516277 0.02886989162967446 | 0.007117237412874642
0.03257152018018172 0.03257152018018172 0.9348569596396366 | 0.002777339528954181
0.12757090190467757 0.12757090190467762 0.7448581961906448 | 0.009743244922817732
0.0066392191809588885 0.0066392191809588885 0.9867215616380822 | 0.0005754424056705024
0.38071402118118725 0.23857195763762562 0.3807140211811872 | 0.00956008496745992
0.4466678037038646 0.10666439259227078 0.4466678037038646 | 0.009410159809454225
0.41614137880541213 0.16771724238917574 0.41614137880541213 | 0.012050227024150434
0.08030464778843838 0.8393907044231231 0.08030464778843843 | 0.0052126218728018765
0.23340040666987116 0.5331991866602577 0.23340040666987116 | 0.013471315398049376
0.3011654651665092 0.39766906966698157 0.3011654651665092 | 0.015747965781362654
0.17477996635490012 0.6504400672901999 0.17477996635490006 | 0.01128244254469838
0.4855650541851628 0.02886989162967446 0.48556505418516277 | 0.007117237412874642
0.03257152018018172 0.9348569596396366 0.03257152018018172 | 0.002777339528954181
0.12757090190467757 0.7448581961906448 0.12757090190467762 | 0.009743244922817732
0.0066392191809588885 0.9867215616380822 0.0066392191809588885 | 0.0005754424056705024
0.6822271986792305 0.030730604727272855 0.2870421965934966 | 0.0055317948337667315
0.525759518220982 0.12915264006344968 0.3450878417155684 | 0.012557436204036536
0.5960363568560882 0.028033486095250002 0.3759301570486618 | 0.006395152699454403
0.4739234899291993 0.20913092113766868 0.31694558893313196 | 0.01371539323055084
0.5267326941075414 0.06603891284973865 0.4072283930427199 | 0.00986227011898957
0.7454158247229943 0.041030576819181826 0.21355359845782393 | 0.00645537290492969
0.6658474815593083 0.005299640371799034 0.32885287806889263 | 0.0029278263617991025
0.7976306984429004 0.06307399541495087 0.13929530614214874 | 0.007130635310487024
0.5957908943647818 0.1489628509382401 0.25524625469697804 | 0.012347663130861363
0.6969269019664952 0.09469708243313069 0.20837601560037405 | 0.010693700589616264
0.5544087310385244 0.005580717015260116 0.44001055194621547 | 0.003242467597639341
0.6227021563389827 0.07507690243319622 0.3022209412278211 | 0.010930611092913286
0.9110706680920073 0.0069825293244590156 0.08194680258353369 | 0.0020151231272897024
0.9595414606840932 0.0060935694037648315 0.03436496991214199 | 0.0011967736084731628
0.8848535036252015 0.03503442252769738 0.08011207384710112 | 0.004327158035360713
0.8334345667830385 0.019352001318038967 0.14721343189892247 | 0.00462238711178111
0.7629478741931164 0.007332472549040455 0.22971965325784321 | 0.003394253738807027
0.8518541504366672 0.0004903284434629743 0.1476555211198698 | 0.0008466061357638505
0.2870421965934966 0.6822271986792305 0.030730604727272855 | 0.0055317948337667315
0.3450878417155685 0.5257595182209819 0.12915264006344968 | 0.012557436204036536
0.37593015704866173 0.5960363568560882 0.028033486095250002 | 0.006395152699454403
0.31694558893313185 0.4739234899291994 0.20913092113766868 | 0.01371539323055084
0.40722839304271996 0.5267326941075414 0.06603891284973865 | 0.00986227011898957
0.21355359845782396 0.7454158247229942 0.041030576819181826 | 0.00645537290492969
0.32885287806889263 0.6658474815593083 0.005299640371799034 | 0.0029278263617991025
0.1392953061421487 0.7976306984429005 0.06307399541495087 | 0.007130635310487024
0.25524625469697804 0.5957908943647818 0.1489628509382401 | 0.012347663130861363
0.2083760156003741 0.6969269019664952 0.09469708243313069 | 0.010693700589616264
0.4400105519462155 0.5544087310385244 0.005580717015260116 | 0.003242467597639341
0.30222094122782106 0.6227021563389827 0.07507690243319622 | 0.010930611092913286
0.0819468025835337 0.9110706680920073 0.0069825293244590156 | 0.0020151231272897024
0.034364969912141996 0.9595414606840932 0.0060935694037648315 | 0.0011967736084731628
0.08011207384710117 0.8848535036252014 0.03503442252769738 | 0.004327158035360713
0.14721343189892244 0.8334345667830386 0.019352001318038967 | 0.00462238711178111
0.22971965325784316 0.7629478741931164 0.007332472549040455 | 0.003394253738807027
0.1476555211198698 0.8518541504366672 0.0004903284434629743 | 0.0008466061357638505
0.030730604727272848 0.2870421965934966 0.6822271986792305 | 0.0055317948337667315
0.12915264006344973 0.3450878417155684 0.5257595182209819 | 0.012557436204036536
0.028033486095250026 0.3759301570486618 0.5960363568560882 | 0.006395152699454403
0.20913092113766862 0.31694558893313196 0.4739234899291994 | 0.01371539323055084
0.06603891284973873 0.4072283930427199 0.5267326941075414 | 0.00986227011898957
0.041030576819181874 0.21355359845782393 0.7454158247229942 | 0.00645537290492969
0.005299640371799086 0.32885287806889263 0.6658474815593083 | 0.0029278263617991025
0.06307399541495085 0.13929530614214874 0.7976306984429005 | 0.007130635310487024
0.14896285093824013 0.25524625469697804 0.5957908943647818 | 0.012347663130861363
0.0946970824331308 0.20837601560037405 0.6969269019664952 | 0.010693700589616264
0.005580717015260195 0.44001055194621547 0.5544087310385244 | 0.003242467597639341
0.07507690243319609 0.3022209412278211 0.6227021563389827 | 0.010930611092913286
0.006982529324458975 0.08194680258353369 0.9110706680920073 | 0.0020151231272897024
0.00609356940376482 0.03436496991214199 0.9595414606840932 | 0.0011967736084731628
0.035034422527697506 0.08011207384710112 0.8848535036252014 | 0.004327158035360713
0.019352001318038936 0.14721343189892247 0.8334345667830386 | 0.00462238711178111
0.0073324725490404585 0.22971965325784321 0.7629478741931164 | 0.003394253738807027
0.0004903284434629729 0.1476555211198698 0.8518541504366672 | 0.0008466061357638505
0.6822271986792305 0.2870421965934966 0.030730604727272855 | 0.0055317948337667315
0.525759518220982 0.3450878417155684 0.12915264006344968 | 0.012557436204036536
0.5960363568560882 0.3759301570486618 0.028033486095250002 | 0.006395152699454403
0.4739234899291993 0.31694558893313196 0.20913092113766868 | 0.01371539323055084
0.5267326941075414 0.4072283930427199 0.06603891284973865 | 0.00986227011898957
0.7454158247229943 0.21355359845782393 0.041030576819181826 | 0.00645537290492969
0.6658474815593083 0.32885287806889263 0.005299640371799034 | 0.0029278263617991025
0.7976306984429004 0.13929530614214874 0.06307399541495087 | 0.007130635310487024
0.5957908943647818 0.25524625469697804 0.1489628509382401 | 0.012347663130861363
0.6969269019664952 0.20837601560037405 0.09469708243313069 | 0.010693700589616264
0.5544087310385244 0.44001055194621547 0.005580717015260116 | 0.003242467597639341
0.6227021563389827 0.3022209412278211 0.07507690243319622 | 0.010930611092913286
0.9110706680920073 0.08194680258353369 0.0069825293244590156 | 0.0020151231272897024
0.9595414606840932 0.03436496991214199 0.0060935694037648315 | 0.0011967736084731628
0.8848535036252015 0.08011207384710112 0.03503442252769738 | 0.004327158035360713
0.8334345667830385 0.14721343189892247 0.019352001318038967 | 0.00462238711178111
0.7629478741931164 0.22971965325784321 0.007332472549040455 | 0.003394253738807027
0.8518541504366672 0.1476555211198698 0.0004903284434629743 | 0.0008466061357638505
0.030730604727272848 0.6822271986792305 0.2870421965934966 | 0.0055317948337667315
0.12915264006344973 0.5257595182209819 0.3450878417155684 | 0.012557436204036536
0.028033486095250026 0.5960363568560882 0.3759301570486618 | 0.006395152699454403
0.20913092113766862 0.4739234899291994 0.31694558893313196 | 0.01371539323055084
0.06603891284973873 0.5267326941075414 0.4072283930427199 | 0.00986227011898957
0.041030576819181874 0.7454158247229942 0.21355359845782393 | 0.00645537290492969
0.005299640371799086 0.6658474815593083 0.32885287806889263 | 0.0029278263617991025
0.06307399541495085 0.7976306984429005 0.13929530614214874 | 0.007130635310487024
0.14896285093824013 0.5957908943647818 0.25524625469697804 | 0.012347663130861363
0.0946970824331308 0.6969269019664952 0.20837601560037405 | 0.010693700589616264
0.005580717015260195 0.5544087310385244 0.44001055194621547 | 0.003242467597639341
0.07507690243319609 0.6227021563389827 0.3022209412278211 | 0.010930611092913286
0.006982529324458975 0.9110706680920073 0.08194680258353369 | 0.0020151231272897024
0.00609356940376482 0.9595414606840932 0.03436496991214199 | 0.0011967736084731628
0.035034422527697506 0.8848535036252014 0.08011207384710112 | 0.004327158035360713
0.019352001318038936 0.8334345667830386 0.14721343189892247 | 0.00462238711178111
0.0073324725490404585 0.7629478741931164 0.22971965325784321 | 0.003394253738807027
0.0004903284434629729 0.8518541504366672 0.1476555211198698 | 0.0008466061357638505
0.2870421965934966 0.030730604727272855 0.6822271986792305 | 0.0055317948337667315
0.3450878417155685 0.12915264006344968 0.5257595182209819 | 0.012557436204036536
0.37593015704866173 0.028033486095250002 0.5960363568560882 | 0.006395152699454403
0.31694558893313185 0.20913092113766868 0.4739234899291994 | 0.01371539323055084
0.40722839304271996 0.06603891284973865 0.5267326941075414 | 0.00986227011898957
0.21355359845782396 0.041030576819181826 0.7454158247229942 | 0.00645537290492969
0.32885287806889263 0.005299640371799034 0.6658474815593083 | 0.0029278263617991025
0.1392953061421487 0.06307399541495087 0.7976306984429005 | 0.007130635310487024
0.25524625469697804 0.1489628509382401 0.5957908943647818 | 0.012347663130861363
0.2083760156003741 0.09469708243313069 0.6969269019664952 | 0.010693700589616264
0.4400105519462155 0.005580717015260116 0.5544087310385244 | 0.003242467597639341
0.30222094122782106 0.07507690243319622 0.6227021563389827 | 0.010930611092913286
0.0819468025835337 0.0069825293244590156 0.9110706680920073 | 0.0020151231272897024
0.034364969912141996 0.0060935694037648315 0.9595414606840932 | 0.0011967736084731628
0.08011207384710117 0.03503442252769738 0.8848535036252014 | 0.004327158035360713
0.14721343189892244 0.019352001318038967 0.8334345667830386 | 0.00462238711178111
0.22971965325784316 0.007332472549040455 0.7629478741931164 | 0.003394253738807027
0.1476555211198698 0.0004903284434629743 0.8518541504366672 | 0.0008466061357638505
