--
domain: triangle
order: 12
--
0.45707498597014773 0.27146250701492614 0.27146250701492614 | 0.06254121319590276
0.7814843446812914 0.10925782765935432 0.10925782765935432 | 0.02848605206887755
0.11977670268281382 0.4401116486585931 0.4401116486585931 | 0.04991833492806095
0.02359249810891695 0.4882037509455415 0.4882037509455415 | 0.024266838081452035
0.9507072731273287 0.02464636343633564 0.02464636343633564 | 0.007931642509973639
0.27146250701492614 0.27146250701492614 0.45707498597014773 | 0.06254121319590276
0.10925782765935432 0.10925782765935432 0.7814843446812914 | 0.02848605206887755
0.4401116486585931 0.4401116486585931 0.11977670268281382 | 0.04991833492806095
0.48820375094554147 0.4882037509455415 0.02359249810891695 | 0.024266838081452035
0.02464636343633564 0.02464636343633564 0.9507072731273287 | 0.007931642509973639
0.27146250701492614 0.45707498597014773 0.27146250701492614 | 0.06254121319590276
0.10925782765935432 0.7814843446812914 0.10925782765935432 | 0.02848605206887755
0.4401116486585931 0.11977670268281382 0.4401116486585931 | 0.04991833492806095
0.48820375094554147 0.02359249810891695 0.4882037509455415 | 0.024266838081452035
0.02464636343633564 0.9507072731273287 0.02464636343633564 | 0.007931642509973639
0.628249751683556 0.1162960196779266 0.25545422863851736 | 0.04322736365941421
0.85133779251024 0.021382490256170623 0.12727971723358936 | 0.015083677576511441
0.6853101639063919 0.023034156355267166 0.29165567973834094 | 0.02178358503860756
0.2554542286385173 0.6282497516835561 0.1162960196779266 | 0.04322736365941421
0.12727971723358933 0.85133779251024 0.021382490256170623 | 0.015083677576511441
0.29165567973834094 0.6853101639063919 0.023034156355267166 | 0.02178358503860756
0.11629601967792658 0.25545422863851736 0.6282497516835561 | 0.04322736365941421
0.021382490256170672 0.12727971723358936 0.85133779251024 | 0.015083677576511441
0.023034156355267177 0.29165567973834094 0.6853101639063919 | 0.02178358503860756
0.628249751683556 0.25545422863851736 0.1162960196779266 | 0.04322736365941421
0.85133779251024 0.12727971723358936 0.021382490256170623 | 0.015083677576511441
0.6853101639063919 0.29165567973834094 0.023034156355267166 | 0.02178358503860756
0.11629601967792658 0.6282497516835561 0.25545422863851736 | 0.04322736365941421
0.021382490256170672 0.85133779251024 0.12727971723358936 | 0.015083677576511441
0.023034156355267177 0.6853101639063919 0.29165567973834094 | 0.02178358503860756
0.2554542286385173 0.1162960196779266 0.6282497516835561 | 0.04322736365941421
0.12727971723358933 0.021382490256170623 0.85133779251024 | 0.015083677576511441
0.29165567973834094 0.023034156355267166 0.6853101639063919 | 0.02178358503860756
