--
domain: triangle
order: 6
--
0.561140034900434 0.21942998254978302 0.21942998254978302 | 0.17133312415298105
0.039724071775569914 0.48013796411221504 0.48013796411221504 | 0.08073108959303098
0.21942998254978296 0.21942998254978302 0.561140034900434 | 0.17133312415298105
0.480137964112215 0.48013796411221504 0.039724071775569914 | 0.08073108959303098
0.21942998254978296 0.561140034900434 0.21942998254978302 | 0.17133312415298105
0.480137964112215 0.039724071775569914 0.48013796411221504 | 0.08073108959303098
0.8390092597147911 0.019371724361240805 0.14161901592396814 | 0.04063455979366066
0.14161901592396808 0.8390092597147911 0.019371724361240805 | 0.04063455979366066
0.019371724361240794 0.14161901592396814 0.8390092597147911 | 0.04063455979366066
0.8390092597147911 0.14161901592396814 0.019371724361240805 | 0.04063455979366066
0.019371724361240794 0.8390092597147911 0.14161901592396814 | 0.04063455979366066
0.14161901592396808 0.019371724361240805 0.8390092597147911 | 0.04063455979366066
