--
domain: triangle
order: 18
--
0.33333333333333337 0.3333333333333333 0.3333333333333333 | 0.03074852123911586
0.05016357735190857 0.4749182113240457 0.4749182113240457 | 0.013107027491738756
0.6967229860547901 0.15163850697260495 0.15163850697260495 | 0.0203183388454584
0.177865796248161 0.4110671018759195 0.4110671018759195 | 0.0334719940598479
0.46877078018925156 0.2656146099053742 0.2656146099053742 | 0.031116396602006133
0.9924821113178631 0.0037589443410684376 0.0037589443410684376 | 0.0005320056169477806
0.855122588865334 0.072438705567333 0.072438705567333 | 0.013790286604766942
0.47491821132404577 0.4749182113240457 0.05016357735190857 | 0.013107027491738756
0.15163850697260495 0.15163850697260495 0.6967229860547901 | 0.0203183388454584
0.41106710187591955 0.4110671018759195 0.177865796248161 | 0.0334719940598479
0.2656146099053742 0.2656146099053742 0.46877078018925156 | 0.031116396602006133
0.003758944341068382 0.0037589443410684376 0.9924821113178631 | 0.0005320056169477806
0.072438705567333 0.072438705567333 0.855122588865334 | 0.013790286604766942
0.47491821132404577 0.05016357735190857 0.4749182113240457 | 0.013107027491738756
0.15163850697260495 0.6967229860547901 0.15163850697260495 | 0.0203183388454584
0.41106710187591955 0.177865796248161 0.4110671018759195 | 0.0334719940598479
0.2656146099053742 0.46877078018925156 0.2656146099053742 | 0.031116396602006133
0.003758944341068382 0.9924821113178631 0.0037589443410684376 | 0.0005320056169477806
0.072438705567333 0.855122588865334 0.072438705567333 | 0.013790286604766942
0.5245289252324956 0.09042704035434063 0.3850440344131637 | 0.015328258194553142
0.9402249256838527 0.012498932483495477 0.04727614183265175 | 0.004217516774744443
0.6439263069481049 0.05401173533902428 0.30206195771287075 | 0.016365908413986566
0.7329888214065166 0.010505018819241962 0.2565061597742415 | 0.007729835280006227
0.7553984164057089 0.06612245802840343 0.17847912556588763 | 0.01691165391748008
0.5823597834782124 0.14906691012577386 0.2685733063960138 | 0.02759288648857948
0.5772425066507145 0.011691824674667157 0.41106566867461836 | 0.009586124474361505
0.8528896449496688 0.014331524778941987 0.1327788302713893 | 0.007641704972719637
0.3850440344131636 0.5245289252324957 0.09042704035434063 | 0.015328258194553142
0.04727614183265172 0.9402249256838529 0.012498932483495477 | 0.004217516774744443
0.3020619577128708 0.6439263069481049 0.05401173533902428 | 0.016365908413986566
0.2565061597742415 0.7329888214065166 0.010505018819241962 | 0.007729835280006227
0.17847912556588763 0.7553984164057089 0.06612245802840343 | 0.01691165391748008
0.26857330639601373 0.5823597834782124 0.14906691012577386 | 0.02759288648857948
0.41106566867461836 0.5772425066507145 0.011691824674667157 | 0.009586124474361505
0.13277883027138926 0.8528896449496688 0.014331524778941987 | 0.007641704972719637
0.09042704035434057 0.3850440344131637 0.5245289252324957 | 0.015328258194553142
0.012498932483495429 0.04727614183265175 0.9402249256838529 | 0.004217516774744443
0.05401173533902437 0.30206195771287075 0.6439263069481049 | 0.016365908413986566
0.01050501881924193 0.2565061597742415 0.7329888214065166 | 0.007729835280006227
0.06612245802840344 0.17847912556588763 0.7553984164057089 | 0.01691165391748008
0.14906691012577378 0.2685733063960138 0.5823597834782124 | 0.02759288648857948
0.011691824674667117 0.41106566867461836 0.5772425066507145 | 0.009586124474361505
0.014331524778941951 0.1327788302713893 0.8528896449496688 | 0.007641704972719637
0.5245289252324956 0.3850440344131637 0.09042704035434063 | 0.015328258194553142
0.9402249256838527 0.04727614183265175 0.012498932483495477 | 0.004217516774744443
0.6439263069481049 0.30206195771287075 0.05401173533902428 | 0.016365908413986566
0.7329888214065166 0.2565061597742415 0.010505018819241962 | 0.007729835280006227
0.7553984164057089 0.17847912556588763 0.06612245802840343 | 0.01691165391748008
0.5823597834782124 0.2685733063960138 0.14906691012577386 | 0.02759288648857948
0.5772425066507145 0.41106566867461836 0.011691824674667157 | 0.009586124474361505
0.8528896449496688 0.1327788302713893 0.014331524778941987 | 0.007641704972719637
0.09042704035434057 0.5245289252324957 0.3850440344131637 | 0.015328258194553142
0.012498932483495429 0.9402249256838529 0.04727614183265175 | 0.004217516774744443
0.05401173533902437 0.6439263069481049 0.30206195771287075 | 0.016365908413986566
0.01050501881924193 0.7329888214065166 0.2565061597742415 | 0.007729835280006227
0.06612245802840344 0.7553984164057089 0.17847912556588763 | 0.01691165391748008
0.14906691012577378 0.5823597834782124 0.2685733063960138 | 0.02759288648857948
0.011691824674667117 0.5772425066507145 0.41106566867461836 | 0.009586124474361505
0.014331524778941951 0.8528896449496688 0.1327788302713893 | 0.007641704972719637
0.3850440344131636 0.09042704035434063 0.5245289252324957 | 0.015328258194553142
0.04727614183265172 0.012498932483495477 0.9402249256838529 | 0.004217516774744443
0.3020619577128708 0.05401173533902428 0.6439263069481049 | 0.016365908413986566
0.2565061597742415 0.010505018819241962 0.7329888214065166 | 0.007729835280006227
0.17847912556588763 0.06612245802840343 0.7553984164057089 | 0.01691165391748008
0.26857330639601373 0.14906691012577386 0.5823597834782124 | 0.02759288648857948
0.41106566867461836 0.011691824674667157 0.5772425066507145 | 0.009586124474361505
0.13277883027138926 0.014331524778941987 0.8528896449496688 | 0.007641704972719637
