--
domain: triangle
order: 12
--
0.45707498597014773 0.27146250701492614 0.27146250701492614 | 0.03127060659795138
0.7814843446812914 0.10925782765935432 0.10925782765935432 | 0.014243026034438775
0.11977670268281382 0.4401116486585931 0.4401116486585931 | 0.024959167464030475
0.02359249810891695 0.4882037509455415 0.4882037509455415 | 0.012133419040726017
0.9507072731273287 0.02464636343633564 0.02464636343633564 | 0.0039658212549868194
0.27146250701492614 0.27146250701492614 0.45707498597014773 | 0.03127060659795138
0.10925782765935432 0.10925782765935432 0.7814843446812914 | 0.014243026034438775
0.4401116486585931 0.4401116486585931 0.11977670268281382 | 0.024959167464030475
0.48820375094554147 0.4882037509455415 0.02359249810891695 | 0.012133419040726017
0.02464636343633564 0.02464636343633564 0.9507072731273287 | 0.0039658212549868194
0.27146250701492614 0.45707498597014773 0.27146250701492614 | 0.03127060659795138
0.10925782765935432 0.7814843446812914 0.10925782765935432 | 0.014243026034438775
0.4401116486585931 0.11977670268281382 0.4401116486585931 | 0.024959167464030475
0.48820375094554147 0.02359249810891695 0.4882037509455415 | 0.012133419040726017
0.02464636343633564 0.9507072731273287 0.02464636343633564 | 0.0039658212549868194
0.628249751683556 0.1162960196779266 0.25545422863851736 | 0.021613681829707104
0.85133779251024 0.021382490256170623 0.12727971723358936 | 0.007541838788255721
0.6853101639063919 0.023034156355267166 0.29165567973834094 | 0.01089179251930378
0.2554542286385173 0.6282497516835561 0.1162960196779266 | 0.021613681829707104
0.12727971723358933 0.85133779251024 0.021382490256170623 | 0.007541838788255721
0.29165567973834094 0.6853101639063919 0.023034156355267166 | 0.01089179251930378
0.11629601967792658 0.25545422863851736 0.6282497516835561 | 0.021613681829707104
0.021382490256170672 0.12727971723358936 0.85133779251024 | 0.007541838788255721
0.023034156355267177 0.29165567973834094 0.6853101639063919 | 0.01089179251930378
0.628249751683556 0.25545422863851736 0.1162960196779266 | 0.021613681829707104
0.85133779251024 0.12727971723358936 0.021382490256170623 | 0.007541838788255721
0.6853101639063919 0.29165567973834094 0.023034156355267166 | 0.01089179251930378
0.11629601967792658 0.6282497516835561 0.25545422863851736 | 0.021613681829707104
0.021382490256170672 0.85133779251024 0.12727971723358936 | 0.007541838788255721
0.023034156355267177 0.6853101639063919 0.29165567973834094 | 0.01089179251930378
0.2554542286385173 0.1162960196779266 0.6282497516835561 | 0.021613681829707104
0.12727971723358933 0.021382490256170623 0.85133779251024 | 0.007541838788255721
0.29165567973834094 0.023034156355267166 0.6853101639063919 | 0.01089179251930378
