--
domain: triangle
order: 21
--
0.4021275293700348 0.2989362353149826 0.2989362353149826 | 0.01072556096456617
0.005984249062628844 0.4970078754686856 0.4970078754686856 | 0.0022189148485329394
0.19276482690722974 0.40361758654638513 0.40361758654638513 | 0.011500352326641932
0.762022844754561 0.11898857762271953 0.11898857762271953 | 0.006828016226115099
0.6194225638174429 0.19028871809127856 0.19028871809127856 | 0.009727620930375354
0.03680426269356685 0.4815978686532166 0.4815978686532166 | 0.006107205081692191
0.10037441644927525 0.4498127917753624 0.4498127917753624 | 0.009807237613912011
0.89274484890771 0.053627575546145 0.053627575546145 | 0.0035760425506418257
0.978515087134343 0.010742456432828507 0.010742456432828507 | 0.0007543496361893447
0.2989362353149826 0.2989362353149826 0.4021275293700348 | 0.01072556096456617
0.4970078754686855 0.4970078754686856 0.005984249062628844 | 0.0022189148485329394
0.40361758654638513 0.40361758654638513 0.19276482690722974 | 0.011500352326641932
0.11898857762271953 0.11898857762271953 0.762022844754561 | 0.006828016226115099
0.19028871809127856 0.19028871809127856 0.6194225638174429 | 0.009727620930375354
0.4815978686532165 0.4815978686532166 0.03680426269356685 | 0.006107205081692191
0.4498127917753624 0.4498127917753624 0.10037441644927525 | 0.009807237613912011
0.053627575546145057 0.053627575546145 0.89274484890771 | 0.0035760425506418257
0.010742456432828451 0.010742456432828507 0.978515087134343 | 0.0007543496361893447
0.2989362353149826 0.4021275293700348 0.2989362353149826 | 0.01072556096456617
0.4970078754686855 0.005984249062628844 0.4970078754686856 | 0.0022189148485329394
0.40361758654638513 0.19276482690722974 0.40361758654638513 | 0.011500352326641932
0.11898857762271953 0.762022844754561 0.11898857762271953 | 0.006828016226115099
0.19028871809127856 0.6194225638174429 0.19028871809127856 | 0.009727620930375354
0.4815978686532165 0.03680426269356685 0.4815978686532166 | 0.006107205081692191
0.4498127917753624 0.10037441644927525 0.4498127917753624 | 0.009807237613912011
0.053627575546145057 0.89274484890771 0.053627575546145 | 0.0035760425506418257
0.010742456432828451 0.978515087134343 0.010742456432828507 | 0.0007543496361893447
0.5055149445862437 0.20529555933516153 0.28918949607859473 | 0.008747708077881562
0.7551948083705379 0.006931809031468116 0.23787338259799398 | 0.002103060144074865
0.557355288799679 0.12377940040549276 0.31886531079482827 | 0.009223742423966418
0.7291350120063786 0.03899136262322033 0.23187362537040096 | 0.005234952092662423
0.857296629528919 0.009536247529710598 0.1331671229413703 | 0.002240406560950738
0.6001398284888722 0.05305219170121682 0.34680797980991107 | 0.007250152959485511
0.682942356735903 0.10045802007411446 0.21659962318998252 | 0.007952018352713986
0.8217191264694079 0.04945106556854055 0.12882980796205154 | 0.004905985911275205
0.6287919561081533 0.010254635872924515 0.3609534080189222 | 0.0034199424289671526
0.9339785312842042 0.010301903643423904 0.055719565072371954 | 0.0016327142920220426
0.2891894960785948 0.5055149445862437 0.20529555933516153 | 0.008747708077881562
0.23787338259799395 0.755194808370538 0.006931809031468116 | 0.002103060144074865
0.31886531079482827 0.557355288799679 0.12377940040549276 | 0.009223742423966418
0.23187362537040102 0.7291350120063786 0.03899136262322033 | 0.005234952092662423
0.13316712294137034 0.857296629528919 0.009536247529710598 | 0.002240406560950738
0.34680797980991107 0.6001398284888722 0.05305219170121682 | 0.007250152959485511
0.2165996231899825 0.6829423567359031 0.10045802007411446 | 0.007952018352713986
0.12882980796205157 0.8217191264694079 0.04945106556854055 | 0.004905985911275205
0.3609534080189222 0.6287919561081533 0.010254635872924515 | 0.0034199424289671526
0.05571956507237197 0.9339785312842042 0.010301903643423904 | 0.0016327142920220426
0.20529555933516153 0.28918949607859473 0.5055149445862437 | 0.008747708077881562
0.006931809031468061 0.23787338259799398 0.755194808370538 | 0.002103060144074865
0.12377940040549273 0.31886531079482827 0.557355288799679 | 0.009223742423966418
0.03899136262322034 0.23187362537040096 0.7291350120063786 | 0.005234952092662423
0.009536247529710717 0.1331671229413703 0.857296629528919 | 0.002240406560950738
0.05305219170121678 0.34680797980991107 0.6001398284888722 | 0.007250152959485511
0.10045802007411442 0.21659962318998252 0.6829423567359031 | 0.007952018352713986
0.04945106556854051 0.12882980796205154 0.8217191264694079 | 0.004905985911275205
0.010254635872924522 0.3609534080189222 0.6287919561081533 | 0.0034199424289671526
0.010301903643423871 0.055719565072371954 0.9339785312842042 | 0.0016327142920220426
0.5055149445862437 0.28918949607859473 0.20529555933516153 | 0.008747708077881562
0.7551948083705379 0.23787338259799398 0.006931809031468116 | 0.002103060144074865
0.557355288799679 0.31886531079482827 0.12377940040549276 | 0.009223742423966418
0.7291350120063786 0.23187362537040096 0.03899136262322033 | 0.005234952092662423
0.857296629528919 0.1331671229413703 0.009536247529710598 | 0.002240406560950738
0.6001398284888722 0.34680797980991107 0.05305219170121682 | 0.007250152959485511
0.682942356735903 0.21659962318998252 0.10045802007411446 | 0.007952018352713986
0.8217191264694079 0.12882980796205154 0.04945106556854055 | 0.004905985911275205
0.6287919561081533 0.3609534080189222 0.010254635872924515 | 0.0034199424289671526
0.9339785312842042 0.055719565072371954 0.010301903643423904 | 0.0016327142920220426
0.20529555933516153 0.5055149445862437 0.28918949607859473 | 0.008747708077881562
0.006931809031468061 0.755194808370538 0.23787338259799398 | 0.002103060144074865
0.12377940040549273 0.557355288799679 0.31886531079482827 | 0.009223742423966418
0.03899136262322034 0.7291350120063786 0.23187362537040096 | 0.005234952092662423
0.009536247529710717 0.857296629528919 0.1331671229413703 | 0.002240406560950738
0.05305219170121678 0.6001398284888722 0.34680797980991107 | 0.007250152959485511
0.10045802007411442 0.6829423567359031 0.21659962318998252 | 0.007952018352713986
0.04945106556854051 0.8217191264694079 0.12882980796205154 | 0.004905985911275205
0.010254635872924522 0.6287919561081533 0.3609534080189222 | 0.0034199424289671526
0.010301903643423871 0.9339785312842042 0.055719565072371954 | 0.0016327142920220426
0.2891894960785948 0.20529555933516153 0.5055149445862437 | 0.008747708077881562
0.23787338259799395 0.006931809031468116 0.755194808370538 | 0.002103060144074865
0.31886531079482827 0.12377940040549276 0.557355288799679 | 0.009223742423966418
0.23187362537040102 0.03899136262322033 0.7291350120063786 | 0.005234952092662423
0.13316712294137034 0.009536247529710598 0.857296629528919 | 0.002240406560950738
0.34680797980991107 0.05305219170121682 0.6001398284888722 | 0.007250152959485511
0.2165996231899825 0.10045802007411446 0.6829423567359031 | 0.007952018352713986
0.12882980796205157 0.04945106556854055 0.8217191264694079 | 0.004905985911275205
0.3609534080189222 0.010254635872924515 0.6287919561081533 | 0.0034199424289671526
0.05571956507237197 0.010301903643423904 0.9339785312842042 | 0.0016327142920220426
